0
0.00128774
0.00260171
0.00394244
0.00531042
0.00670615
0.00813014
0.00958286
0.0110648
0.0125764
0.0141181
0.0156903
0.0172935
0.018928
0.0205941
0.0222922
0.0240226
0.0257855
0.0275811
0.0294096
0.0312711
0.0331655
0.035093
0.0370534
0.0390466
0.0410724
0.0431305
0.0452206
0.0473421
0.0494946
0.0516774
0.0538899
0.0561311
0.0584002
0.0606963
0.0630181
0.0653646
0.0677344
0.0701261
0.0725383
0.0749695
0.0774179
0.0798819
0.0823596
0.0848493
0.0873491
0.0898569
0.0923709
0.0948889
0.097409
0.0999291
0.102447
0.104961
0.107469
0.109969
0.112458
0.114936
0.1174
0.119849
0.12228
0.124692
0.127084
0.129453
0.1318
0.134122
0.136418
0.138687
0.140928
0.143141
0.145323
0.147476
0.149597
0.151687
0.153746
0.155771
0.157765
0.159725
0.161652
0.163547
0.165408
0.167237
0.169032
0.170795
0.172526
0.174224
0.17589
0.177525
0.179128
0.1807
0.182242
0.183753
0.185235
0.186688
0.188112
0.189508
0.190876
0.192216
0.19353
0.194818
0.19608
0.00128774
0.00185903
0.00318545
0.0045389
0.00591987
0.00732888
0.00876641
0.0102329
0.011729
0.0132549
0.0148112
0.0163983
0.0180166
0.0196664
0.0213481
0.0230619
0.0248083
0.0265873
0.0283992
0.030244
0.032122
0.034033
0.0359771
0.0379542
0.039964
0.0420064
0.044081
0.0461874
0.0483251
0.0504935
0.052692
0.0549197
0.0571759
0.0594596
0.0617697
0.064105
0.0664644
0.0688464
0.0712497
0.0736727
0.0761139
0.0785714
0.0810437
0.0835288
0.0860249
0.08853
0.0910421
0.0935593
0.0960795
0.0986007
0.101121
0.103638
0.106149
0.108654
0.11115
0.113634
0.116105
0.118562
0.121002
0.123424
0.125826
0.128207
0.130565
0.1329
0.135209
0.137491
0.139746
0.141973
0.14417
0.146338
0.148475
0.15058
0.152654
0.154696
0.156705
0.158682
0.160626
0.162537
0.164414
0.166259
0.168071
0.16985
0.171597
0.173311
0.174994
0.176644
0.178263
0.179851
0.181408
0.182935
0.184432
0.185899
0.187338
0.188748
0.19013
0.191485
0.192813
0.194114
0.195389
0.196639
0.00260171
0.00318545
0.00379707
0.00516467
0.00656015
0.00798401
0.00943675
0.0109188
0.0124308
0.0139729
0.0155458
0.0171499
0.0187854
0.0204528
0.0221524
0.0238845
0.0256493
0.0274471
0.029278
0.0311421
0.0330395
0.0349701
0.036934
0.0389309
0.0409607
0.043023
0.0451175
0.0472437
0.0494011
0.0515891
0.0538069
0.0560536
0.0583284
0.0606303
0.0629581
0.0653106
0.0676864
0.0700842
0.0725025
0.0749396
0.077394
0.0798638
0.0823472
0.0848423
0.0873472
0.08986
0.0923786
0.0949009
0.0974249
0.0999485
0.10247
0.104986
0.107496
0.109998
0.112489
0.114968
0.117433
0.119881
0.122312
0.124723
0.127114
0.129482
0.131827
0.134147
0.136441
0.138707
0.140946
0.143155
0.145335
0.147484
0.149602
0.151689
0.153743
0.155765
0.157755
0.159712
0.161636
0.163527
0.165385
0.16721
0.169002
0.170762
0.172489
0.174185
0.175848
0.17748
0.17908
0.18065
0.182189
0.183699
0.185179
0.18663
0.188052
0.189446
0.190812
0.192152
0.193464
0.194751
0.196012
0.197248
0.00394244
0.0045389
0.00516467
0.00581926
0.00723076
0.00867107
0.0101407
0.0116401
0.0131697
0.0147301
0.0163216
0.0179447
0.0195998
0.0212871
0.023007
0.0247598
0.0265458
0.028365
0.0302178
0.0321041
0.034024
0.0359774
0.0379643
0.0399844
0.0420376
0.0441234
0.0462415
0.0483913
0.0505722
0.0527835
0.0550245
0.0572942
0.0595917
0.0619157
0.0642652
0.0666387
0.069035
0.0714524
0.0738894
0.0763444
0.0788155
0.0813009
0.0837987
0.086307
0.0888237
0.0913468
0.0938742
0.0964038
0.0989335
0.101461
0.103985
0.106502
0.109012
0.111511
0.113998
0.116471
0.118928
0.121367
0.123788
0.126188
0.128565
0.130919
0.133248
0.135551
0.137827
0.140075
0.142294
0.144484
0.146642
0.14877
0.150866
0.15293
0.154962
0.156962
0.158928
0.160862
0.162762
0.16463
0.166465
0.168267
0.170036
0.171773
0.173478
0.175151
0.176792
0.178402
0.179981
0.18153
0.183049
0.184538
0.185998
0.18743
0.188833
0.190208
0.191557
0.192878
0.194174
0.195443
0.196688
0.197908
0.00531042
0.00591987
0.00656015
0.00723076
0.0079312
0.00938956
0.0108777
0.0123962
0.0139455
0.015526
0.0171382
0.0187825
0.0204593
0.0221689
0.0239117
0.0256878
0.0274976
0.0293412
0.0312188
0.0331303
0.0350759
0.0370554
0.0390687
0.0411156
0.0431958
0.0453089
0.0474544
0.0496317
0.0518402
0.0540791
0.0563475
0.0586444
0.0609687
0.0633192
0.0656947
0.0680936
0.0705145
0.0729558
0.0754158
0.0778926
0.0803844
0.0828893
0.0854052
0.0879301
0.0904618
0.0929983
0.0955374
0.0980768
0.100614
0.103148
0.105676
0.108196
0.110705
0.113202
0.115685
0.118152
0.120602
0.123032
0.125441
0.127828
0.130191
0.132529
0.13484
0.137124
0.13938
0.141606
0.143803
0.145969
0.148103
0.150206
0.152277
0.154315
0.156321
0.158293
0.160233
0.162139
0.164013
0.165854
0.167661
0.169436
0.171179
0.17289
0.174568
0.176215
0.177831
0.179417
0.180971
0.182496
0.183991
0.185457
0.186894
0.188304
0.189685
0.19104
0.192367
0.193669
0.194944
0.196195
0.197421
0.198623
0.00670615
0.00732888
0.00798401
0.00867107
0.00938956
0.010139
0.0116474
0.0131868
0.0147576
0.0163603
0.0179953
0.019663
0.0213638
0.0230981
0.0248662
0.0266684
0.0285048
0.0303757
0.0322811
0.0342211
0.0361957
0.0382048
0.0402481
0.0423255
0.0444365
0.0465809
0.0487579
0.0509669
0.0532073
0.0554781
0.0577783
0.060107
0.0624628
0.0648445
0.0672506
0.0696797
0.0721299
0.0745997
0.0770872
0.0795904
0.0821073
0.0846359
0.087174
0.0897194
0.0922699
0.0948232
0.0973771
0.0999293
0.102478
0.10502
0.107553
0.110077
0.112587
0.115084
0.117564
0.120025
0.122467
0.124887
0.127284
0.129656
0.132003
0.134322
0.136614
0.138876
0.141109
0.143311
0.145482
0.147621
0.149728
0.151803
0.153844
0.155853
0.157828
0.15977
0.161678
0.163554
0.165396
0.167206
0.168982
0.170727
0.172439
0.174119
0.175768
0.177385
0.178972
0.180529
0.182055
0.183552
0.185021
0.18646
0.187872
0.189256
0.190613
0.191943
0.193247
0.194526
0.19578
0.197009
0.198213
0.199395
0.00813014
0.00876641
0.00943675
0.0101407
0.0108777
0.0116474
0.0124493
0.0140114
0.0156056
0.0172324
0.0188923
0.0205857
0.022313
0.0240745
0.0258706
0.0277015
0.0295675
0.0314686
0.033405
0.0353768
0.0373839
0.039426
0.0415032
0.0436149
0.0457609
0.0479407
0.0501535
0.0523987
0.0546756
0.056983
0.0593199
0.0616852
0.0640776
0.0664955
0.0689373
0.0714016
0.0738863
0.0763897
0.0789097
0.0814442
0.0839911
0.0865482
0.089113
0.0916833
0.0942566
0.0968307
0.099403
0.101971
0.104533
0.107086
0.109628
0.112157
0.114671
0.117167
0.119645
0.122101
0.124534
0.126944
0.129328
0.131684
0.134013
0.136313
0.138582
0.14082
0.143027
0.145202
0.147344
0.149453
0.151528
0.15357
0.155578
0.157553
0.159493
0.1614
0.163274
0.165114
0.166921
0.168695
0.170436
0.172145
0.173822
0.175468
0.177083
0.178667
0.180221
0.181745
0.183239
0.184705
0.186143
0.187553
0.188935
0.190291
0.19162
0.192923
0.194201
0.195454
0.196683
0.197887
0.199069
0.200227
0.00958286
0.0102329
0.0109188
0.0116401
0.0123962
0.0131868
0.0140114
0.0148694
0.016489
0.018142
0.019829
0.0215503
0.0233065
0.0250978
0.0269245
0.028787
0.0306855
0.03262
0.0345908
0.0365977
0.0386408
0.0407199
0.0428348
0.044985
0.0471702
0.0493898
0.051643
0.0539292
0.0562474
0.0585964
0.0609752
0.0633825
0.0658166
0.0682762
0.0707593
0.0732643
0.0757891
0.0783316
0.0808897
0.083461
0.0860433
0.0886339
0.0912306
0.0938306
0.0964315
0.0990307
0.101626
0.104214
0.106793
0.10936
0.111913
0.11445
0.116968
0.119466
0.121941
0.124393
0.126818
0.129217
0.131587
0.133927
0.136236
0.138513
0.140758
0.14297
0.145147
0.147291
0.149401
0.151475
0.153515
0.155521
0.157491
0.159427
0.161328
0.163196
0.165029
0.166829
0.168596
0.170329
0.172031
0.1737
0.175338
0.176945
0.178521
0.180067
0.181583
0.183071
0.184529
0.18596
0.187363
0.18874
0.190089
0.191413
0.192711
0.193984
0.195232
0.196456
0.197657
0.198835
0.19999
0.201123
0.0110648
0.011729
0.0124308
0.0131697
0.0139455
0.0147576
0.0156056
0.016489
0.0174073
0.0190886
0.0208049
0.0225565
0.024344
0.0261677
0.0280278
0.0299248
0.0318588
0.03383
0.0358385
0.0378842
0.0399671
0.0420871
0.0442438
0.0464368
0.0486656
0.0509297
0.0532283
0.0555604
0.0579251
0.0603212
0.0627474
0.0652022
0.067684
0.070191
0.0727215
0.0752732
0.0778441
0.0804319
0.0830341
0.0856483
0.0882717
0.0909019
0.0935359
0.0961712
0.0988048
0.101434
0.104056
0.106668
0.109268
0.111853
0.11442
0.116967
0.119492
0.121993
0.124468
0.126916
0.129333
0.13172
0.134075
0.136397
0.138685
0.140938
0.143156
0.145338
0.147483
0.149593
0.151666
0.153702
0.155702
0.157666
0.159594
0.161487
0.163344
0.165167
0.166955
0.16871
0.170431
0.172119
0.173776
0.1754
0.176993
0.178556
0.180089
0.181593
0.183067
0.184513
0.185932
0.187323
0.188688
0.190026
0.191339
0.192627
0.19389
0.195129
0.196345
0.197538
0.198707
0.199855
0.200981
0.202086
0.0125764
0.0132549
0.0139729
0.0147301
0.015526
0.0163603
0.0172324
0.018142
0.0190886
0.0200718
0.0218196
0.0236039
0.0254252
0.0272839
0.0291803
0.0311148
0.0330875
0.0350987
0.0371484
0.0392366
0.0413633
0.0435282
0.045731
0.0479713
0.0502486
0.0525621
0.0549111
0.0572945
0.0597113
0.0621602
0.0646396
0.0671481
0.0696838
0.0722448
0.0748289
0.0774341
0.0800577
0.0826974
0.0853504
0.0880139
0.0906852
0.0933612
0.0960389
0.0987154
0.101388
0.104052
0.106707
0.109348
0.111973
0.114579
0.117164
0.119724
0.122259
0.124765
0.127241
0.129685
0.132095
0.13447
0.13681
0.139112
0.141377
0.143604
0.145791
0.14794
0.15005
0.152121
0.154154
0.156147
0.158103
0.160021
0.161901
0.163745
0.165553
0.167326
0.169063
0.170767
0.172437
0.174075
0.17568
0.177255
0.178798
0.180312
0.181796
0.183252
0.18468
0.18608
0.187453
0.188801
0.190122
0.191419
0.192691
0.193939
0.195163
0.196365
0.197544
0.198701
0.199837
0.200951
0.202045
0.203119
0.0141181
0.0148112
0.0155458
0.0163216
0.0171382
0.0179953
0.0188923
0.019829
0.0208049
0.0218196
0.0228726
0.024692
0.0265497
0.0284462
0.0303818
0.0323568
0.0343715
0.0364262
0.0385208
0.0406553
0.0428298
0.0450439
0.0472974
0.0495898
0.0519204
0.0542886
0.0566935
0.0591339
0.0616087
0.0641165
0.0666556
0.0692243
0.0718206
0.0744423
0.0770873
0.0797529
0.0824366
0.0851354
0.0878465
0.0905667
0.0932929
0.0960219
0.0987503
0.101475
0.104192
0.106898
0.109591
0.112266
0.114921
0.117553
0.12016
0.122737
0.125284
0.127797
0.130276
0.132717
0.13512
0.137484
0.139807
0.142089
0.144329
0.146526
0.148681
0.150794
0.152864
0.154893
0.15688
0.158826
0.160732
0.162598
0.164426
0.166216
0.167968
0.169685
0.171366
0.173013
0.174626
0.176207
0.177756
0.179274
0.180762
0.18222
0.18365
0.185053
0.186428
0.187777
0.189101
0.190399
0.191673
0.192923
0.19415
0.195354
0.196535
0.197695
0.198834
0.199952
0.20105
0.202128
0.203186
0.204226
0.0156903
0.0163983
0.0171499
0.0179447
0.0187825
0.019663
0.0205857
0.0215503
0.0225565
0.0236039
0.024692
0.0258204
0.0277172
0.0296542
0.0316319
0.0336507
0.0357108
0.0378124
0.0399557
0.0421406
0.0443671
0.046635
0.0489439
0.0512933
0.0536826
0.056111
0.0585775
0.061081
0.0636202
0.0661934
0.0687989
0.0714348
0.074099
0.0767891
0.0795025
0.0822364
0.0849879
0.0877539
0.0905311
0.093316
0.0961052
0.0988949
0.101682
0.104461
0.107231
0.109986
0.112723
0.115439
0.11813
0.120793
0.123425
0.126023
0.128585
0.131108
0.133591
0.136032
0.138428
0.14078
0.143086
0.145346
0.147558
0.149724
0.151844
0.153916
0.155943
0.157924
0.159861
0.161755
0.163605
0.165414
0.167183
0.168912
0.170603
0.172257
0.173875
0.175459
0.177008
0.178526
0.180012
0.181467
0.182893
0.184291
0.185661
0.187004
0.188322
0.189614
0.190882
0.192126
0.193347
0.194545
0.195722
0.196877
0.198012
0.199126
0.20022
0.201295
0.202351
0.203389
0.204408
0.20541
0.0172935
0.0180166
0.0187854
0.0195998
0.0204593
0.0213638
0.022313
0.0233065
0.024344
0.0254252
0.0265497
0.0277172
0.0289271
0.0309075
0.0329304
0.0349962
0.0371051
0.0392574
0.0414533
0.0436927
0.0459757
0.048302
0.0506713
0.053083
0.0555366
0.058031
0.0605653
0.0631383
0.0657485
0.0683942
0.0710736
0.0737844
0.0765243
0.0792907
0.0820808
0.0848915
0.0877196
0.0905615
0.0934136
0.096272
0.0991329
0.101992
0.104846
0.107689
0.110519
0.11333
0.116119
0.118882
0.121615
0.124314
0.126978
0.129601
0.132182
0.134718
0.137208
0.139648
0.142039
0.144379
0.146667
0.148903
0.151087
0.153218
0.155298
0.157327
0.159305
0.161235
0.163116
0.164951
0.16674
0.168485
0.170188
0.17185
0.173473
0.175057
0.176605
0.178118
0.179598
0.181045
0.182461
0.183847
0.185204
0.186534
0.187838
0.189116
0.190369
0.191598
0.192804
0.193989
0.195151
0.196293
0.197414
0.198516
0.199598
0.200662
0.201707
0.202735
0.203745
0.204738
0.205715
0.206675
0.018928
0.0196664
0.0204528
0.0212871
0.0221689
0.0230981
0.0240745
0.0250978
0.0261677
0.0272839
0.0284462
0.0296542
0.0309075
0.0322057
0.034277
0.036393
0.0385543
0.0407611
0.0430137
0.045312
0.0476561
0.0500458
0.0524807
0.0549602
0.0574838
0.0600505
0.0626591
0.0653085
0.0679969
0.0707227
0.0734837
0.0762775
0.0791017
0.0819533
0.0848292
0.087726
0.09064
0.0935674
0.0965041
0.0994459
0.102388
0.105327
0.108256
0.111173
0.114071
0.116947
0.119796
0.122614
0.125396
0.128139
0.130838
0.133492
0.136096
0.138648
0.141147
0.14359
0.145976
0.148303
0.150573
0.152783
0.154935
0.157029
0.159066
0.161046
0.162972
0.164844
0.166664
0.168433
0.170155
0.17183
0.17346
0.175047
0.176594
0.178101
0.179571
0.181006
0.182407
0.183776
0.185115
0.186424
0.187706
0.188961
0.19019
0.191396
0.192578
0.193738
0.194877
0.195995
0.197093
0.198172
0.199233
0.200275
0.2013
0.202309
0.203301
0.204276
0.205236
0.206181
0.207111
0.208026
0.0205941
0.0213481
0.0221524
0.023007
0.0239117
0.0248662
0.0258706
0.0269245
0.0280278
0.0291803
0.0303818
0.0316319
0.0329304
0.034277
0.0356711
0.0378409
0.0400583
0.0423235
0.044637
0.0469987
0.0494087
0.0518668
0.0543728
0.056926
0.0595258
0.0621712
0.0648611
0.0675942
0.0703686
0.0731825
0.0760336
0.0789194
0.081837
0.0847833
0.0877549
0.0907478
0.0937582
0.0967817
0.0998137
0.102849
0.105884
0.108912
0.111929
0.114928
0.117906
0.120857
0.123775
0.126656
0.129495
0.132287
0.13503
0.137719
0.140351
0.142923
0.145434
0.14788
0.150262
0.152578
0.154827
0.157011
0.159129
0.161182
0.163171
0.165098
0.166965
0.168773
0.170525
0.172223
0.173869
0.175466
0.177015
0.17852
0.179982
0.181404
0.182788
0.184137
0.185452
0.186734
0.187987
0.189212
0.190409
0.191582
0.19273
0.193856
0.19496
0.196043
0.197108
0.198153
0.199181
0.200191
0.201185
0.202163
0.203125
0.204073
0.205006
0.205925
0.206831
0.207722
0.208601
0.209467
0.0222922
0.0230619
0.0238845
0.0247598
0.0256878
0.0266684
0.0277015
0.028787
0.0299248
0.0311148
0.0323568
0.0336507
0.0349962
0.036393
0.0378409
0.0393394
0.0416166
0.0439444
0.0463231
0.0487528
0.0512338
0.0537657
0.0563485
0.0589814
0.061664
0.0643951
0.0671737
0.0699982
0.0728669
0.0757776
0.078728
0.0817152
0.0847363
0.0877877
0.0908656
0.0939659
0.0970841
0.100215
0.103354
0.106496
0.109635
0.112765
0.11588
0.118974
0.122042
0.125078
0.128075
0.131029
0.133934
0.136785
0.139578
0.142308
0.144973
0.14757
0.150095
0.152548
0.154926
0.15723
0.159458
0.161613
0.163693
0.165701
0.167639
0.169507
0.171309
0.173047
0.174724
0.176336
0.177887
0.179387
0.18084
0.182248
0.183614
0.184941
0.186232
0.187487
0.18871
0.189903
0.191068
0.192206
0.19332
0.194409
0.195468
0.196506
0.197524
0.198524
0.199506
0.200472
0.201422
0.202357
0.203278
0.204185
0.205079
0.205961
0.20683
0.207687
0.208533
0.209367
0.21019
0.211003
0.0240226
0.0248083
0.0256493
0.0265458
0.0274976
0.0285048
0.0295675
0.0306855
0.0318588
0.0330875
0.0343715
0.0357108
0.0371051
0.0385543
0.0400583
0.0416166
0.0432289
0.0456234
0.0480719
0.0505746
0.0531316
0.055743
0.0584085
0.0611277
0.0638999
0.0667241
0.0695991
0.0725234
0.0754951
0.078512
0.0815715
0.0846706
0.0878059
0.0909738
0.0941699
0.0973896
0.100628
0.10388
0.107139
0.1104
0.113656
0.116901
0.120128
0.12333
0.126501
0.129633
0.132721
0.135759
0.138739
0.141658
0.144509
0.147288
0.149992
0.152617
0.155161
0.157621
0.159998
0.162289
0.164496
0.166618
0.168658
0.170597
0.172444
0.174218
0.175922
0.17756
0.179135
0.180643
0.182089
0.183484
0.184832
0.186135
0.187397
0.188621
0.18981
0.190965
0.19209
0.193186
0.194257
0.195302
0.196326
0.197327
0.198301
0.199256
0.200194
0.201115
0.202022
0.202914
0.203793
0.20466
0.205514
0.20635
0.207169
0.207978
0.208778
0.209567
0.210348
0.21112
0.211883
0.212637
0.0257855
0.0265873
0.0274471
0.028365
0.0293412
0.0303757
0.0314686
0.03262
0.03383
0.0350987
0.0364262
0.0378124
0.0392574
0.0407611
0.0423235
0.0439444
0.0456234
0.0473603
0.0498832
0.0524638
0.0551024
0.0577991
0.0605537
0.0633659
0.0662349
0.06916
0.0721397
0.0751727
0.0782569
0.08139
0.0845692
0.0877913
0.0910528
0.0943493
0.0976765
0.101029
0.104402
0.107788
0.111182
0.114577
0.117965
0.12134
0.124693
0.128017
0.131305
0.134548
0.13774
0.140873
0.14394
0.146936
0.149854
0.15269
0.15544
0.158099
0.160665
0.163136
0.165511
0.16779
0.169929
0.171968
0.173917
0.175761
0.177507
0.179176
0.180773
0.1823
0.183762
0.185156
0.186487
0.187767
0.189
0.190189
0.191338
0.192451
0.193529
0.194576
0.195595
0.196588
0.197557
0.198504
0.199431
0.200339
0.201222
0.202089
0.202942
0.203781
0.204607
0.205422
0.206226
0.207021
0.207805
0.208573
0.209327
0.210074
0.210813
0.211544
0.212268
0.212986
0.213685
0.214376
0.0275811
0.0283992
0.029278
0.0302178
0.0312188
0.0322811
0.033405
0.0345908
0.0358385
0.0371484
0.0385208
0.0399557
0.0414533
0.0430137
0.044637
0.0463231
0.0480719
0.0498832
0.0517567
0.0544204
0.0571462
0.0599343
0.0627846
0.0656968
0.0686704
0.0717045
0.0747979
0.077949
0.0811558
0.0844158
0.0877262
0.0910835
0.0944838
0.0979226
0.101395
0.104895
0.108417
0.111954
0.115499
0.119043
0.122581
0.126102
0.129598
0.13306
0.136481
0.13985
0.14316
0.146402
0.149569
0.152654
0.15565
0.158551
0.161353
0.164051
0.166644
0.16912
0.171428
0.173629
0.175682
0.177627
0.179476
0.181213
0.182847
0.1844
0.185877
0.187282
0.188619
0.189888
0.191093
0.192247
0.193355
0.19442
0.195446
0.196437
0.197397
0.198327
0.199232
0.200113
0.200974
0.201815
0.20264
0.203448
0.204234
0.205008
0.20577
0.206521
0.207263
0.207997
0.208722
0.20944
0.210152
0.210849
0.211535
0.212216
0.212891
0.213562
0.214228
0.214888
0.215533
0.216172
0.0294096
0.030244
0.0311421
0.0321041
0.0331303
0.0342211
0.0353768
0.0365977
0.0378842
0.0392366
0.0406553
0.0421406
0.0436927
0.045312
0.0469987
0.0487528
0.0505746
0.0524638
0.0544204
0.0564441
0.0592629
0.0621487
0.0651016
0.0681213
0.0712075
0.0743593
0.0775757
0.080855
0.0841953
0.0875939
0.0910479
0.0945535
0.0981067
0.101702
0.105335
0.108999
0.112687
0.116392
0.120105
0.123819
0.127523
0.131209
0.134867
0.138486
0.142057
0.14557
0.149014
0.152381
0.155662
0.158849
0.161933
0.164909
0.167772
0.170517
0.173071
0.175482
0.177713
0.179827
0.181784
0.183623
0.18536
0.186977
0.188486
0.18991
0.191254
0.192523
0.193724
0.194854
0.195921
0.196937
0.197907
0.198837
0.199729
0.200589
0.201419
0.202224
0.203006
0.203767
0.204511
0.205239
0.205954
0.206656
0.20734
0.208014
0.20868
0.209339
0.209992
0.210639
0.211282
0.21192
0.212555
0.213178
0.213793
0.214405
0.215014
0.215621
0.216226
0.216828
0.217416
0.218
0.0312711
0.032122
0.0330395
0.034024
0.0350759
0.0361957
0.0373839
0.0386408
0.0399671
0.0413633
0.0428298
0.0443671
0.0459757
0.0476561
0.0494087
0.0512338
0.0531316
0.0551024
0.0571462
0.0592629
0.0614523
0.0644424
0.067505
0.07064
0.0738473
0.0771261
0.0804755
0.0838938
0.087379
0.0909287
0.0945396
0.0982078
0.101929
0.105698
0.109508
0.113354
0.117226
0.121118
0.12502
0.128923
0.132815
0.136687
0.140527
0.144324
0.148066
0.151741
0.155339
0.158849
0.16226
0.165562
0.168749
0.171811
0.174726
0.177425
0.179918
0.182256
0.1844
0.186416
0.188264
0.189985
0.191594
0.193078
0.194448
0.195728
0.196924
0.198043
0.199091
0.20007
0.200984
0.201848
0.202669
0.20345
0.204197
0.204914
0.205604
0.206273
0.206922
0.207554
0.208173
0.208781
0.209378
0.209967
0.210542
0.21111
0.211675
0.212236
0.212794
0.213351
0.213906
0.214461
0.215015
0.21556
0.216101
0.216641
0.217182
0.217723
0.218264
0.218805
0.219334
0.219862
0.0331655
0.034033
0.0349701
0.0359774
0.0370554
0.0382048
0.039426
0.0407199
0.0420871
0.0435282
0.0450439
0.046635
0.048302
0.0500458
0.0518668
0.0537657
0.055743
0.0577991
0.0599343
0.0621487
0.0644424
0.066815
0.0699948
0.0732534
0.0765907
0.0800062
0.0834991
0.0870678
0.0907105
0.0944246
0.0982068
0.102053
0.105959
0.109918
0.113925
0.117972
0.12205
0.126151
0.130264
0.134378
0.138482
0.142563
0.14661
0.150607
0.154543
0.158404
0.162176
0.165848
0.169407
0.172843
0.176146
0.179277
0.182157
0.184803
0.187228
0.189482
0.191527
0.193432
0.195156
0.196744
0.198211
0.199545
0.200758
0.201877
0.202908
0.20386
0.204741
0.205551
0.206297
0.206995
0.207651
0.20827
0.208858
0.20942
0.209959
0.210481
0.210987
0.211481
0.211965
0.212443
0.212916
0.213384
0.213842
0.214299
0.214756
0.215213
0.215672
0.216134
0.216597
0.217063
0.217533
0.217997
0.21846
0.218925
0.219394
0.219866
0.220341
0.220819
0.221287
0.221756
0.035093
0.0359771
0.036934
0.0379643
0.0390687
0.0402481
0.0415032
0.0428348
0.0442438
0.045731
0.0472974
0.0489439
0.0506713
0.0524807
0.0543728
0.0563485
0.0584085
0.0605537
0.0627846
0.0651016
0.067505
0.0699948
0.072571
0.0759617
0.0794383
0.0830007
0.0866483
0.0903797
0.0941931
0.098086
0.102055
0.106096
0.110205
0.114374
0.118598
0.122867
0.127174
0.131507
0.135856
0.140208
0.14455
0.148868
0.153147
0.157372
0.161528
0.165599
0.16957
0.173427
0.177156
0.180744
0.184162
0.187273
0.190113
0.192699
0.195046
0.197204
0.199138
0.200916
0.2025
0.203937
0.205243
0.206407
0.207446
0.208384
0.209231
0.209998
0.210691
0.211315
0.211875
0.21239
0.212866
0.213308
0.213724
0.214117
0.214492
0.214854
0.215206
0.215551
0.215892
0.21623
0.216569
0.216909
0.217244
0.217582
0.217925
0.218273
0.218627
0.218988
0.219355
0.219729
0.220109
0.220489
0.22087
0.221258
0.221652
0.222052
0.222458
0.22287
0.223275
0.223684
0.0370534
0.0379542
0.0389309
0.0399844
0.0411156
0.0423255
0.0436149
0.044985
0.0464368
0.0479713
0.0495898
0.0512933
0.053083
0.0549602
0.056926
0.0589814
0.0611277
0.0633659
0.0656968
0.0681213
0.07064
0.0732534
0.0759617
0.0787646
0.0823904
0.0861105
0.0899246
0.0938316
0.0978299
0.101917
0.10609
0.110344
0.114675
0.119075
0.123538
0.128055
0.132615
0.137208
0.141821
0.14644
0.151049
0.155634
0.160176
0.164659
0.169065
0.173376
0.177574
0.181642
0.185565
0.189326
0.192768
0.195856
0.198649
0.201167
0.203424
0.205472
0.207278
0.208912
0.210338
0.211603
0.212727
0.2137
0.214541
0.215277
0.215919
0.216478
0.216964
0.21738
0.217737
0.21805
0.218327
0.218576
0.218803
0.219013
0.21921
0.2194
0.219585
0.21977
0.219956
0.220147
0.220343
0.220546
0.220749
0.220961
0.221183
0.221416
0.22166
0.221915
0.22218
0.222457
0.222745
0.223036
0.223332
0.223639
0.223955
0.224281
0.224615
0.224959
0.225298
0.225644
0.0390466
0.039964
0.0409607
0.0420376
0.0431958
0.0444365
0.0457609
0.0471702
0.0486656
0.0502486
0.0519204
0.0536826
0.0555366
0.0574838
0.0595258
0.061664
0.0638999
0.0662349
0.0686704
0.0712075
0.0738473
0.0765907
0.0794383
0.0823904
0.085447
0.0893361
0.0933291
0.0974254
0.101624
0.105922
0.110316
0.114803
0.119378
0.124032
0.12876
0.13355
0.138393
0.143275
0.148183
0.153101
0.158012
0.162897
0.167738
0.172514
0.177204
0.181788
0.186245
0.190554
0.194698
0.198585
0.202027
0.205088
0.207827
0.210267
0.21242
0.214343
0.216002
0.217471
0.218716
0.219785
0.220703
0.22146
0.222078
0.222587
0.222998
0.223325
0.22358
0.223768
0.223898
0.223989
0.224049
0.224086
0.224107
0.224117
0.224121
0.224125
0.224131
0.224143
0.224164
0.224196
0.22424
0.224297
0.22436
0.224439
0.224534
0.224645
0.224772
0.224915
0.225074
0.22525
0.22544
0.225639
0.225846
0.226068
0.226303
0.226551
0.226812
0.227084
0.227356
0.227637
0.0410724
0.0420064
0.043023
0.0441234
0.0453089
0.0465809
0.0479407
0.0493898
0.0509297
0.0525621
0.0542886
0.056111
0.058031
0.0600505
0.0621712
0.0643951
0.0667241
0.06916
0.0717045
0.0743593
0.0771261
0.0800062
0.0830007
0.0861105
0.0893361
0.0926774
0.0968625
0.101163
0.105577
0.110103
0.114739
0.11948
0.124321
0.129256
0.134275
0.139368
0.144524
0.14973
0.154968
0.160222
0.165473
0.170699
0.175878
0.180986
0.186001
0.190896
0.195648
0.200234
0.20463
0.20857
0.212011
0.215041
0.217719
0.220067
0.222102
0.223879
0.22537
0.22665
0.227687
0.228534
0.229216
0.229729
0.230095
0.230347
0.2305
0.230568
0.230565
0.230498
0.230378
0.230224
0.230045
0.22985
0.229646
0.229439
0.229234
0.229036
0.228849
0.228676
0.228519
0.228381
0.228262
0.228164
0.22808
0.228017
0.227977
0.227959
0.227963
0.22799
0.228038
0.228106
0.228196
0.228297
0.228412
0.228546
0.228697
0.228865
0.229049
0.229247
0.229449
0.229663
0.0431305
0.044081
0.0451175
0.0462415
0.0474544
0.0487579
0.0501535
0.051643
0.0532283
0.0549111
0.0566935
0.0585775
0.0605653
0.0626591
0.0648611
0.0671737
0.0695991
0.0721397
0.0747979
0.0775757
0.0804755
0.0834991
0.0866483
0.0899246
0.0933291
0.0968625
0.100525
0.105044
0.109691
0.114465
0.119363
0.124381
0.129515
0.134756
0.140097
0.145526
0.151031
0.156596
0.162205
0.167837
0.17347
0.179081
0.184644
0.190131
0.195515
0.200766
0.205856
0.210758
0.215386
0.219362
0.222803
0.225797
0.228403
0.230646
0.232543
0.234152
0.235449
0.236511
0.237309
0.237902
0.238315
0.23855
0.238631
0.238593
0.238455
0.238234
0.237944
0.237594
0.237196
0.236772
0.23633
0.235881
0.235431
0.234988
0.234556
0.23414
0.233745
0.233373
0.233025
0.232706
0.232414
0.232151
0.231909
0.231697
0.231514
0.231361
0.231236
0.231139
0.23107
0.231028
0.231011
0.231011
0.23103
0.231072
0.231135
0.23122
0.231324
0.231447
0.231576
0.231721
0.0452206
0.0461874
0.0472437
0.0483913
0.0496317
0.0509669
0.0523987
0.0539292
0.0555604
0.0572945
0.0591339
0.061081
0.0631383
0.0653085
0.0675942
0.0699982
0.0725234
0.0751727
0.077949
0.080855
0.0838938
0.0870678
0.0903797
0.0938316
0.0974254
0.101163
0.105044
0.10907
0.113968
0.11901
0.124192
0.129512
0.134965
0.140543
0.146239
0.15204
0.157932
0.1639
0.169923
0.17598
0.182046
0.188093
0.194091
0.20001
0.205815
0.211474
0.216951
0.222216
0.227038
0.231055
0.234497
0.237448
0.239971
0.24209
0.243827
0.245243
0.246314
0.247124
0.247649
0.247949
0.248056
0.247973
0.247731
0.247366
0.2469
0.246353
0.245742
0.245077
0.244372
0.243649
0.242919
0.242191
0.241474
0.240773
0.240095
0.239444
0.238824
0.238238
0.237687
0.237173
0.236697
0.236259
0.23585
0.23548
0.235147
0.23485
0.23459
0.234364
0.234173
0.234014
0.233886
0.233781
0.2337
0.233646
0.233619
0.233617
0.233639
0.233684
0.233738
0.233811
0.0473421
0.0483251
0.0494011
0.0505722
0.0518402
0.0532073
0.0546756
0.0562474
0.0579251
0.0597113
0.0616087
0.0636202
0.0657485
0.0679969
0.0703686
0.0728669
0.0754951
0.0782569
0.0811558
0.0841953
0.087379
0.0907105
0.0941931
0.0978299
0.101624
0.105577
0.109691
0.113968
0.118408
0.123738
0.129228
0.134877
0.140679
0.146628
0.152714
0.158926
0.165249
0.171665
0.178153
0.184689
0.191242
0.197784
0.204278
0.210688
0.216976
0.223101
0.229024
0.234705
0.239689
0.243755
0.247197
0.250099
0.252524
0.2545
0.25605
0.257239
0.25805
0.258569
0.258778
0.258741
0.258497
0.258052
0.257441
0.256706
0.255871
0.254959
0.253989
0.252973
0.251928
0.250875
0.249827
0.248794
0.247784
0.246804
0.245859
0.244954
0.244092
0.243276
0.242507
0.241786
0.241114
0.240489
0.239905
0.239367
0.238875
0.238428
0.238025
0.237665
0.237345
0.237064
0.236821
0.236607
0.236421
0.236269
0.236147
0.236056
0.235993
0.235956
0.235933
0.235933
0.0494946
0.0504935
0.0515891
0.0527835
0.0540791
0.0554781
0.056983
0.0585964
0.0603212
0.0621602
0.0641165
0.0661934
0.0683942
0.0707227
0.0731825
0.0757776
0.078512
0.08139
0.0844158
0.0875939
0.0909287
0.0944246
0.098086
0.101917
0.105922
0.110103
0.114465
0.11901
0.123738
0.12865
0.134474
0.14048
0.146663
0.153017
0.159533
0.1662
0.173002
0.179919
0.186928
0.194001
0.201107
0.208209
0.215267
0.222239
0.229079
0.235739
0.242173
0.248333
0.253457
0.257582
0.261023
0.263867
0.266178
0.267986
0.269318
0.270243
0.270751
0.270932
0.270774
0.27035
0.269703
0.268845
0.267814
0.26666
0.265408
0.264085
0.262713
0.261307
0.259884
0.258467
0.25707
0.255702
0.254373
0.253089
0.251855
0.250676
0.249554
0.248491
0.247489
0.246547
0.245666
0.244844
0.244073
0.243358
0.2427
0.242095
0.241543
0.241041
0.240587
0.240179
0.239816
0.239487
0.239194
0.238939
0.23872
0.238536
0.238385
0.238264
0.238161
0.238085
0.0516774
0.052692
0.0538069
0.0550245
0.0563475
0.0577783
0.0593199
0.0609752
0.0627474
0.0646396
0.0666556
0.0687989
0.0710736
0.0734837
0.0760336
0.078728
0.0815715
0.0845692
0.0877262
0.0910479
0.0945396
0.0982068
0.102055
0.10609
0.110316
0.114739
0.119363
0.124192
0.129228
0.134474
0.13993
0.146322
0.15292
0.159719
0.166708
0.173878
0.18121
0.188686
0.196278
0.203957
0.211686
0.219424
0.227125
0.234739
0.242211
0.249487
0.256509
0.263217
0.268475
0.272667
0.276109
0.278885
0.281062
0.282672
0.283748
0.284366
0.284519
0.284308
0.283727
0.282856
0.281744
0.280412
0.278905
0.277273
0.275551
0.273766
0.271945
0.270104
0.268262
0.266443
0.264662
0.262928
0.261251
0.259637
0.25809
0.256615
0.255214
0.253887
0.252635
0.251459
0.250356
0.249325
0.248356
0.247455
0.246621
0.245851
0.245141
0.244491
0.243898
0.243358
0.24287
0.242422
0.242017
0.241655
0.241336
0.241056
0.240814
0.240607
0.240422
0.240268
0.0538899
0.0549197
0.0560536
0.0572942
0.0586444
0.060107
0.0616852
0.0633825
0.0652022
0.0671481
0.0692243
0.0714348
0.0737844
0.0762775
0.0789194
0.0817152
0.0846706
0.0877913
0.0910835
0.0945535
0.0982078
0.102053
0.106096
0.110344
0.114803
0.11948
0.124381
0.129512
0.134877
0.14048
0.146322
0.152405
0.159455
0.166738
0.174247
0.181971
0.189892
0.19799
0.206236
0.214596
0.223029
0.231489
0.239921
0.248268
0.256465
0.264447
0.272146
0.279471
0.284887
0.289159
0.292601
0.295297
0.297316
0.298695
0.299472
0.299729
0.299469
0.298801
0.297729
0.296342
0.294697
0.292822
0.29077
0.288597
0.286343
0.284039
0.281715
0.27939
0.277083
0.274821
0.272618
0.270484
0.268427
0.266455
0.26457
0.262776
0.261075
0.259466
0.257948
0.256522
0.255184
0.253931
0.252754
0.251657
0.250639
0.249694
0.248821
0.248017
0.247277
0.2466
0.245981
0.245411
0.244889
0.244418
0.243994
0.243616
0.24328
0.242984
0.242715
0.24248
0.0561311
0.0571759
0.0583284
0.0595917
0.0609687
0.0624628
0.0640776
0.0658166
0.067684
0.0696838
0.0718206
0.074099
0.0765243
0.0791017
0.081837
0.0847363
0.0878059
0.0910528
0.0944838
0.0981067
0.101929
0.105959
0.110205
0.114675
0.119378
0.124321
0.129515
0.134965
0.140679
0.146663
0.15292
0.159455
0.166265
0.174077
0.182156
0.19049
0.199063
0.207853
0.216829
0.225955
0.235183
0.24446
0.253725
0.262909
0.271936
0.28073
0.289208
0.297251
0.302852
0.307218
0.31066
0.313262
0.315096
0.316203
0.316629
0.316465
0.315724
0.314525
0.312883
0.310899
0.30864
0.306144
0.30347
0.300684
0.297828
0.294941
0.292055
0.28919
0.286369
0.283618
0.280951
0.27838
0.275911
0.27355
0.271301
0.269164
0.267141
0.26523
0.263429
0.261737
0.26015
0.258663
0.257267
0.255964
0.254752
0.253625
0.252581
0.251615
0.250724
0.249904
0.24915
0.248453
0.247811
0.247225
0.246694
0.246214
0.245781
0.245395
0.245038
0.244722
0.0584002
0.0594596
0.0606303
0.0619157
0.0633192
0.0648445
0.0664955
0.0682762
0.070191
0.0722448
0.0744423
0.0767891
0.0792907
0.0819533
0.0847833
0.0877877
0.0909738
0.0943493
0.0979226
0.101702
0.105698
0.109918
0.114374
0.119075
0.124032
0.129256
0.134756
0.140543
0.146628
0.153017
0.159719
0.166738
0.174077
0.181736
0.190436
0.199442
0.208735
0.218293
0.228085
0.238068
0.248191
0.258393
0.268603
0.27874
0.288717
0.29844
0.307813
0.316719
0.322537
0.327013
0.330455
0.332947
0.334564
0.335354
0.33537
0.334714
0.333412
0.331596
0.329296
0.326622
0.323657
0.320449
0.317067
0.313585
0.310051
0.306509
0.302994
0.29953
0.296139
0.29285
0.289676
0.286626
0.283709
0.280928
0.278285
0.275781
0.273413
0.27118
0.269079
0.267105
0.265254
0.263521
0.261894
0.260375
0.258959
0.257643
0.25642
0.255287
0.254238
0.253269
0.252375
0.251546
0.250779
0.250077
0.249435
0.24885
0.248318
0.247837
0.247392
0.246991
0.0606963
0.0617697
0.0629581
0.0642652
0.0656947
0.0672506
0.0689373
0.0707593
0.0727215
0.0748289
0.0770873
0.0795025
0.0820808
0.0848292
0.0877549
0.0908656
0.0941699
0.0976765
0.101395
0.105335
0.109508
0.113925
0.118598
0.123538
0.12876
0.134275
0.140097
0.146239
0.152714
0.159533
0.166708
0.174247
0.182156
0.190436
0.199087
0.208827
0.218913
0.229322
0.24002
0.250962
0.26209
0.273335
0.284615
0.295834
0.306891
0.317675
0.328071
0.337966
0.344111
0.348715
0.352156
0.354521
0.355886
0.356306
0.355846
0.35462
0.352668
0.350138
0.347075
0.343609
0.339834
0.335813
0.331625
0.327353
0.323055
0.318778
0.314562
0.310432
0.306412
0.302531
0.298801
0.295232
0.291829
0.288594
0.285528
0.282629
0.279893
0.277317
0.274896
0.272624
0.270496
0.268503
0.266633
0.264888
0.26326
0.261745
0.260336
0.259028
0.257816
0.256693
0.255655
0.254689
0.253794
0.252971
0.252215
0.251522
0.250888
0.250311
0.249774
0.249287
0.0630181
0.064105
0.0653106
0.0666387
0.0680936
0.0696797
0.0714016
0.0732643
0.0752732
0.0774341
0.0797529
0.0822364
0.0848915
0.087726
0.0907478
0.0939659
0.0973896
0.101029
0.104895
0.108999
0.113354
0.117972
0.122867
0.128055
0.13355
0.139368
0.145526
0.15204
0.158926
0.1662
0.173878
0.181971
0.19049
0.199442
0.208827
0.21864
0.229596
0.240943
0.252646
0.264655
0.276907
0.289322
0.301804
0.314246
0.326525
0.338511
0.350071
0.361068
0.367733
0.372484
0.375926
0.378144
0.379219
0.379214
0.378205
0.376321
0.37362
0.370268
0.366331
0.361955
0.357253
0.352305
0.347202
0.342039
0.336882
0.331782
0.326785
0.321917
0.317205
0.312674
0.308338
0.304203
0.300274
0.29655
0.293029
0.289708
0.28658
0.28364
0.280881
0.278294
0.275873
0.273607
0.271483
0.269501
0.267652
0.26593
0.264328
0.262839
0.261457
0.260175
0.258987
0.257881
0.256854
0.255906
0.255032
0.254229
0.253491
0.252815
0.252185
0.251609
0.0653646
0.0664644
0.0676864
0.069035
0.0705145
0.0721299
0.0738863
0.0757891
0.0778441
0.0800577
0.0824366
0.0849879
0.0877196
0.09064
0.0937582
0.0970841
0.100628
0.104402
0.108417
0.112687
0.117226
0.12205
0.127174
0.132615
0.138393
0.144524
0.151031
0.157932
0.165249
0.173002
0.18121
0.189892
0.199063
0.208735
0.218913
0.229596
0.240773
0.253148
0.265958
0.279149
0.292649
0.306367
0.320195
0.334004
0.347653
0.360991
0.373859
0.386101
0.393539
0.398456
0.401897
0.403949
0.404696
0.404209
0.402576
0.399944
0.396389
0.392099
0.387163
0.381749
0.375994
0.369993
0.363856
0.35769
0.351568
0.345551
0.339686
0.334004
0.328529
0.323288
0.318279
0.313483
0.308956
0.304692
0.300682
0.296918
0.293388
0.290083
0.28699
0.2841
0.281382
0.278831
0.276442
0.274212
0.272133
0.270196
0.268393
0.266716
0.265158
0.263712
0.26237
0.26112
0.259957
0.258881
0.257887
0.256969
0.256124
0.255347
0.254622
0.253955
0.0677344
0.0688464
0.0700842
0.0714524
0.0729558
0.0745997
0.0763897
0.0783316
0.0804319
0.0826974
0.0851354
0.0877539
0.0905615
0.0935674
0.0967817
0.100215
0.10388
0.107788
0.111954
0.116392
0.121118
0.126151
0.131507
0.137208
0.143275
0.14973
0.156596
0.1639
0.171665
0.179919
0.188686
0.19799
0.207853
0.218293
0.229322
0.240943
0.253148
0.265917
0.279939
0.294427
0.309302
0.32446
0.339775
0.355098
0.370265
0.3851
0.399422
0.413048
0.421613
0.426714
0.430156
0.432023
0.432406
0.431383
0.429055
0.425584
0.421069
0.415721
0.409657
0.403071
0.396125
0.388937
0.381636
0.374344
0.367145
0.360108
0.353234
0.34649
0.340067
0.333963
0.328153
0.322689
0.317561
0.312754
0.308255
0.304048
0.300117
0.296448
0.293024
0.289814
0.286806
0.283994
0.281372
0.278928
0.276653
0.274535
0.272528
0.270657
0.268918
0.267302
0.265802
0.264403
0.2631
0.261893
0.260775
0.259742
0.258787
0.257907
0.257084
0.256325
0.0701261
0.0712497
0.0725025
0.0738894
0.0754158
0.0770872
0.0789097
0.0808897
0.0830341
0.0853504
0.0878465
0.0905311
0.0934136
0.0965041
0.0998137
0.103354
0.107139
0.111182
0.115499
0.120105
0.12502
0.130264
0.135856
0.141821
0.148183
0.154968
0.162205
0.169923
0.178153
0.186928
0.196278
0.206236
0.216829
0.228085
0.24002
0.252646
0.265958
0.279939
0.294548
0.310449
0.326823
0.343553
0.36049
0.377465
0.394286
0.410754
0.42666
0.441801
0.451971
0.457269
0.460711
0.462381
0.462373
0.46077
0.457685
0.453295
0.44772
0.441198
0.433876
0.425979
0.417699
0.409182
0.40058
0.392032
0.383431
0.37496
0.366721
0.358907
0.351513
0.344512
0.337952
0.331815
0.326081
0.32073
0.315741
0.311092
0.306761
0.30273
0.298959
0.295435
0.292145
0.289082
0.286231
0.283577
0.281107
0.278774
0.2766
0.274578
0.272698
0.270943
0.26928
0.267728
0.266282
0.26494
0.263697
0.262544
0.261478
0.260492
0.259569
0.258717
0.0725383
0.0736727
0.0749396
0.0763444
0.0778926
0.0795904
0.0814442
0.083461
0.0856483
0.0880139
0.0905667
0.093316
0.096272
0.0994459
0.102849
0.106496
0.1104
0.114577
0.119043
0.123819
0.128923
0.134378
0.140208
0.14644
0.153101
0.160222
0.167837
0.17598
0.184689
0.194001
0.203957
0.214596
0.225955
0.238068
0.250962
0.264655
0.279149
0.294427
0.310449
0.327142
0.345132
0.363553
0.382234
0.400979
0.419569
0.437777
0.455374
0.472136
0.484533
0.490034
0.493476
0.494943
0.494529
0.492322
0.488437
0.483067
0.476349
0.46855
0.459847
0.450504
0.440746
0.430755
0.420501
0.409935
0.399595
0.389598
0.380145
0.371232
0.36283
0.354981
0.347662
0.340847
0.334506
0.32861
0.323131
0.318041
0.313313
0.308903
0.304792
0.300963
0.297402
0.294092
0.291014
0.288153
0.285457
0.282945
0.28061
0.278439
0.276413
0.274496
0.272708
0.27104
0.269492
0.268021
0.266648
0.265375
0.264195
0.263101
0.262077
0.261129
0.0749695
0.0761139
0.077394
0.0788155
0.0803844
0.0821073
0.0839911
0.0860433
0.0882717
0.0906852
0.0932929
0.0961052
0.0991329
0.102388
0.105884
0.109635
0.113656
0.117965
0.122581
0.127523
0.132815
0.138482
0.14455
0.151049
0.158012
0.165473
0.17347
0.182046
0.191242
0.201107
0.211686
0.223029
0.235183
0.248191
0.26209
0.276907
0.292649
0.309302
0.326823
0.345132
0.364109
0.384321
0.404842
0.425445
0.445884
0.465906
0.485262
0.503717
0.519118
0.524818
0.52826
0.529528
0.528713
0.525899
0.521203
0.51482
0.506904
0.497746
0.487558
0.476643
0.465271
0.452897
0.440088
0.427589
0.415543
0.404168
0.393468
0.383417
0.374053
0.365347
0.357265
0.349768
0.342819
0.336379
0.330413
0.324885
0.319744
0.314965
0.310522
0.306399
0.302572
0.299018
0.295718
0.292617
0.289731
0.287048
0.284555
0.28223
0.280035
0.277987
0.276077
0.274302
0.27262
0.271049
0.26959
0.268232
0.266935
0.265733
0.264606
0.26356
0.0774179
0.0785714
0.0798638
0.0813009
0.0828893
0.0846359
0.0865482
0.0886339
0.0909019
0.0933612
0.0960219
0.0988949
0.101992
0.105327
0.108912
0.112765
0.116901
0.12134
0.126102
0.131209
0.136687
0.142563
0.148868
0.155634
0.162897
0.170699
0.179081
0.188093
0.197784
0.208209
0.219424
0.231489
0.24446
0.258393
0.273335
0.289322
0.306367
0.32446
0.343553
0.363553
0.384321
0.405668
0.428093
0.450605
0.47293
0.494794
0.515935
0.536111
0.555099
0.561337
0.564778
0.565861
0.564668
0.561275
0.555787
0.548397
0.539263
0.528698
0.516945
0.504354
0.489627
0.474339
0.459401
0.445004
0.431399
0.418613
0.406627
0.395484
0.38515
0.375582
0.366734
0.358557
0.351002
0.344022
0.337572
0.331592
0.326048
0.320908
0.316147
0.311736
0.307647
0.303854
0.3003
0.296997
0.293929
0.291079
0.288423
0.285922
0.283589
0.281414
0.279392
0.277479
0.275692
0.274031
0.272483
0.271009
0.269639
0.268355
0.267153
0.266008
0.0798819
0.0810437
0.0823472
0.0837987
0.0854052
0.087174
0.089113
0.0912306
0.0935359
0.0960389
0.0987503
0.101682
0.104846
0.108256
0.111929
0.11588
0.120128
0.124693
0.129598
0.134867
0.140527
0.14661
0.153147
0.160176
0.167738
0.175878
0.184644
0.194091
0.204278
0.215267
0.227125
0.239921
0.253725
0.268603
0.284615
0.301804
0.320195
0.339775
0.36049
0.382234
0.404842
0.428093
0.451718
0.47615
0.500357
0.524047
0.546954
0.568839
0.589489
0.599243
0.602685
0.603605
0.602077
0.598157
0.591932
0.583577
0.573245
0.56126
0.547896
0.530916
0.51302
0.49543
0.478411
0.462272
0.447082
0.432849
0.419627
0.407386
0.396079
0.385651
0.37604
0.367187
0.359032
0.351518
0.344573
0.338153
0.332216
0.32673
0.321658
0.316965
0.31262
0.308558
0.304789
0.301292
0.298047
0.295026
0.292186
0.289539
0.287074
0.284781
0.282616
0.280594
0.278713
0.27696
0.275294
0.273744
0.27229
0.270928
0.269634
0.268472
0.0823596
0.0835288
0.0848423
0.086307
0.0879301
0.0897194
0.0916833
0.0938306
0.0961712
0.0987154
0.101475
0.104461
0.107689
0.111173
0.114928
0.118974
0.12333
0.128017
0.13306
0.138486
0.144324
0.150607
0.157372
0.164659
0.172514
0.180986
0.190131
0.20001
0.210688
0.222239
0.234739
0.248268
0.262909
0.27874
0.295834
0.314246
0.334004
0.355098
0.377465
0.400979
0.425445
0.450605
0.47615
0.501747
0.527795
0.553261
0.57788
0.601427
0.623709
0.638176
0.641617
0.642404
0.640595
0.636223
0.629341
0.620096
0.608621
0.595241
0.576679
0.556231
0.535919
0.516101
0.497175
0.479281
0.46248
0.446858
0.432401
0.419067
0.406793
0.395512
0.385148
0.375629
0.366883
0.358827
0.351401
0.344554
0.338243
0.332421
0.327045
0.322077
0.317447
0.313156
0.309182
0.305497
0.302071
0.298858
0.295866
0.293081
0.290492
0.288052
0.285773
0.283654
0.281678
0.279803
0.278058
0.276422
0.274888
0.273433
0.272119
0.27095
0.0848493
0.0860249
0.0873472
0.0888237
0.0904618
0.0922699
0.0942566
0.0964315
0.0988048
0.101388
0.104192
0.107231
0.110519
0.114071
0.117906
0.122042
0.126501
0.131305
0.136481
0.142057
0.148066
0.154543
0.161528
0.169065
0.177204
0.186001
0.195515
0.205815
0.216976
0.229079
0.242211
0.256465
0.271936
0.288717
0.306891
0.326525
0.347653
0.370265
0.394286
0.419569
0.445884
0.47293
0.500357
0.527795
0.554891
0.582061
0.60832
0.633463
0.657322
0.677801
0.681243
0.681928
0.679898
0.675155
0.667712
0.657673
0.64514
0.626431
0.603716
0.580824
0.558205
0.536364
0.515542
0.495887
0.477549
0.460552
0.444875
0.430462
0.417238
0.40512
0.394019
0.383849
0.37451
0.365929
0.358041
0.350788
0.344114
0.337965
0.332296
0.327026
0.322153
0.317645
0.313472
0.309598
0.305972
0.3026
0.299463
0.296549
0.293808
0.29125
0.28887
0.286652
0.284551
0.282595
0.280762
0.279043
0.277414
0.275938
0.274615
0.27344
0.0873491
0.08853
0.08986
0.0913468
0.0929983
0.0948232
0.0968307
0.0990307
0.101434
0.104052
0.106898
0.109986
0.11333
0.116947
0.120857
0.125078
0.129633
0.134548
0.13985
0.14557
0.151741
0.158404
0.165599
0.173376
0.181788
0.190896
0.200766
0.211474
0.223101
0.235739
0.249487
0.264447
0.28073
0.29844
0.317675
0.338511
0.360991
0.3851
0.410754
0.437777
0.465906
0.494794
0.524047
0.553261
0.582061
0.610131
0.637956
0.664623
0.689996
0.713957
0.72129
0.721902
0.719711
0.714679
0.706774
0.696045
0.679335
0.654833
0.629734
0.604542
0.579855
0.556031
0.533334
0.512015
0.492173
0.473833
0.456965
0.441503
0.427356
0.414427
0.402613
0.391796
0.381888
0.372806
0.364479
0.356837
0.349813
0.343352
0.337364
0.331837
0.326734
0.322017
0.317645
0.313563
0.309772
0.306249
0.302978
0.299907
0.297044
0.294381
0.2919
0.289554
0.287369
0.285322
0.283404
0.281589
0.279937
0.278451
0.277121
0.27594
0.0898569
0.0910421
0.0923786
0.0938742
0.0955374
0.0973771
0.099403
0.101626
0.104056
0.106707
0.109591
0.112723
0.116119
0.119796
0.123775
0.128075
0.132721
0.13774
0.14316
0.149014
0.155339
0.162176
0.16957
0.177574
0.186245
0.195648
0.205856
0.216951
0.229024
0.242173
0.256509
0.272146
0.289208
0.307813
0.328071
0.350071
0.373859
0.399422
0.42666
0.455374
0.485262
0.515935
0.546954
0.57788
0.60832
0.637956
0.666554
0.694683
0.721509
0.746946
0.76156
0.762127
0.759823
0.754576
0.746297
0.734394
0.708666
0.681894
0.654571
0.62734
0.600651
0.574894
0.550446
0.52752
0.506229
0.486596
0.468586
0.452117
0.437087
0.423382
0.410868
0.399438
0.388991
0.37944
0.370697
0.362682
0.355327
0.348531
0.342272
0.336504
0.331181
0.326257
0.32167
0.317415
0.313467
0.309805
0.306373
0.303177
0.300205
0.297438
0.294827
0.292395
0.290117
0.287984
0.285968
0.284128
0.282465
0.280969
0.279633
0.278448
0.0923709
0.0935593
0.0949009
0.0964038
0.0980768
0.0999293
0.101971
0.104214
0.106668
0.109348
0.112266
0.115439
0.118882
0.122614
0.126656
0.131029
0.135759
0.140873
0.146402
0.152381
0.158849
0.165848
0.173427
0.181642
0.190554
0.200234
0.210758
0.222216
0.234705
0.248333
0.263217
0.279471
0.297251
0.316719
0.337966
0.361068
0.386101
0.413048
0.441801
0.472136
0.503717
0.536111
0.568839
0.601427
0.633463
0.664623
0.694683
0.723504
0.751735
0.778597
0.801928
0.802469
0.800093
0.794688
0.78611
0.764249
0.736367
0.707475
0.678188
0.648994
0.62037
0.592825
0.566709
0.542259
0.519594
0.498739
0.479649
0.462231
0.446369
0.431916
0.418748
0.406745
0.395799
0.385807
0.376671
0.368307
0.360603
0.353523
0.347012
0.341016
0.335478
0.330332
0.325567
0.321151
0.317059
0.313232
0.309672
0.306364
0.303286
0.300386
0.297686
0.29516
0.292795
0.290562
0.28852
0.286667
0.284994
0.283491
0.28215
0.280961
0.0948889
0.0960795
0.0974249
0.0989335
0.100614
0.102478
0.104533
0.106793
0.109268
0.111973
0.114921
0.11813
0.121615
0.125396
0.129495
0.133934
0.138739
0.14394
0.149569
0.155662
0.16226
0.169407
0.177156
0.185565
0.194698
0.20463
0.215386
0.227038
0.239689
0.253457
0.268475
0.284887
0.302852
0.322537
0.344111
0.367733
0.393539
0.421613
0.451971
0.484533
0.519118
0.555099
0.589489
0.623709
0.657322
0.689996
0.721509
0.751735
0.78062
0.808868
0.835729
0.842855
0.840435
0.834912
0.820782
0.792262
0.762345
0.731566
0.700376
0.669281
0.638874
0.609642
0.581962
0.556088
0.532146
0.510159
0.49007
0.471776
0.455127
0.439986
0.426216
0.41369
0.402284
0.391882
0.382383
0.373659
0.36566
0.35832
0.351574
0.345356
0.339592
0.334263
0.329333
0.32477
0.320511
0.316553
0.312879
0.309462
0.306249
0.30326
0.300464
0.297849
0.295383
0.293124
0.291068
0.289205
0.287524
0.286015
0.28467
0.283479
0.097409
0.0986007
0.0999485
0.101461
0.103148
0.10502
0.107086
0.10936
0.111853
0.114579
0.117553
0.120793
0.124314
0.128139
0.132287
0.136785
0.141658
0.146936
0.152654
0.158849
0.165562
0.172843
0.180744
0.189326
0.198585
0.20857
0.219362
0.231055
0.243755
0.257582
0.272667
0.289159
0.307218
0.327013
0.348715
0.372484
0.398456
0.426714
0.457269
0.490034
0.524818
0.561337
0.599243
0.638176
0.677801
0.713957
0.746946
0.778597
0.808868
0.837759
0.866007
0.883254
0.880803
0.875182
0.848897
0.818385
0.786625
0.753984
0.720925
0.688067
0.655978
0.625173
0.596051
0.568876
0.543774
0.520761
0.49977
0.480666
0.463309
0.44755
0.433244
0.420245
0.408419
0.397646
0.387779
0.378754
0.370491
0.362911
0.35594
0.349492
0.343542
0.338046
0.332967
0.328235
0.323843
0.31977
0.315986
0.312434
0.309131
0.306045
0.30316
0.300443
0.29795
0.295677
0.29361
0.291739
0.290052
0.288539
0.287191
0.286
0.0999291
0.101121
0.10247
0.103985
0.105676
0.107553
0.109628
0.111913
0.11442
0.117164
0.12016
0.123425
0.126978
0.130838
0.13503
0.139578
0.144509
0.149854
0.15565
0.161933
0.168749
0.176146
0.184162
0.192768
0.202027
0.212011
0.222803
0.234497
0.247197
0.261023
0.276109
0.292601
0.31066
0.330455
0.352156
0.375926
0.401897
0.430156
0.460711
0.493476
0.52826
0.564778
0.602685
0.641617
0.681243
0.72129
0.76156
0.801928
0.835729
0.866007
0.894899
0.92314
0.92117
0.905848
0.875019
0.842665
0.809043
0.774533
0.739711
0.70517
0.67151
0.638899
0.608344
0.580086
0.554114
0.530345
0.508643
0.488849
0.470874
0.454578
0.439798
0.42638
0.414183
0.403041
0.392874
0.383585
0.375081
0.367277
0.360075
0.353442
0.347325
0.34168
0.336431
0.331567
0.32706
0.322878
0.318958
0.315316
0.311916
0.308741
0.305754
0.30301
0.300503
0.298219
0.296144
0.294267
0.292575
0.29106
0.289711
0.28852
0.102447
0.103638
0.104986
0.106502
0.108196
0.110077
0.112157
0.11445
0.116967
0.119724
0.122737
0.126023
0.129601
0.133492
0.137719
0.142308
0.147288
0.15269
0.158551
0.164909
0.171811
0.179277
0.187273
0.195856
0.205088
0.215041
0.225797
0.237448
0.250099
0.263867
0.278885
0.295297
0.313262
0.332947
0.354521
0.378144
0.403949
0.432023
0.462381
0.494943
0.529528
0.565861
0.603605
0.642404
0.681928
0.721902
0.762127
0.802469
0.842855
0.883254
0.92314
0.952014
0.961512
0.931905
0.899198
0.863902
0.824379
0.785579
0.747836
0.711503
0.676918
0.644356
0.613998
0.585924
0.560118
0.536496
0.514922
0.495237
0.477272
0.46086
0.445842
0.432074
0.419518
0.408086
0.397661
0.388137
0.379414
0.371384
0.364001
0.357203
0.35094
0.345128
0.339748
0.334771
0.330156
0.325839
0.32183
0.318093
0.314604
0.311328
0.308315
0.305558
0.30304
0.300748
0.298667
0.296786
0.295093
0.293577
0.292228
0.291038
0.104961
0.106149
0.107496
0.109012
0.110705
0.112587
0.114671
0.116968
0.119492
0.122259
0.125284
0.128585
0.132182
0.136096
0.140351
0.144973
0.149992
0.15544
0.161353
0.167772
0.174726
0.182157
0.190113
0.198649
0.207827
0.217719
0.228403
0.239971
0.252524
0.266178
0.281062
0.297316
0.315096
0.334564
0.355886
0.379219
0.404696
0.432406
0.462373
0.494529
0.528713
0.564668
0.602077
0.640595
0.679898
0.719711
0.759823
0.800093
0.840435
0.880803
0.92117
0.961512
0.984461
0.94419
0.904078
0.864266
0.824963
0.786444
0.749036
0.71308
0.678897
0.64674
0.616774
0.589063
0.563586
0.540253
0.518932
0.499464
0.481684
0.465429
0.450546
0.436892
0.424338
0.412771
0.402126
0.392395
0.383456
0.375252
0.367712
0.360774
0.354349
0.348411
0.342922
0.337839
0.333093
0.32869
0.324588
0.320763
0.317176
0.313874
0.310849
0.308083
0.305559
0.303261
0.301178
0.299296
0.297602
0.296087
0.29474
0.293552
0.107469
0.108654
0.109998
0.111511
0.113202
0.115084
0.117167
0.119466
0.121993
0.124765
0.127797
0.131108
0.134718
0.138648
0.142923
0.14757
0.152617
0.158099
0.164051
0.170517
0.177425
0.184803
0.192699
0.201167
0.210267
0.220067
0.230646
0.24209
0.2545
0.267986
0.282672
0.298695
0.316203
0.335354
0.356306
0.379214
0.404209
0.431383
0.46077
0.492322
0.525899
0.561275
0.598157
0.636223
0.675155
0.714679
0.754576
0.794688
0.834912
0.875182
0.905848
0.931905
0.94419
0.940634
0.900737
0.861213
0.822281
0.784215
0.747333
0.711957
0.67838
0.646828
0.617441
0.590266
0.565272
0.542364
0.521412
0.502261
0.484753
0.46873
0.454044
0.440558
0.428148
0.416703
0.406125
0.396324
0.387227
0.378879
0.371209
0.364119
0.357575
0.351534
0.345946
0.340737
0.335908
0.331415
0.32723
0.323309
0.319699
0.316388
0.313356
0.310584
0.308056
0.305758
0.303674
0.301793
0.300101
0.298589
0.297245
0.296059
0.109969
0.11115
0.112489
0.113998
0.115685
0.117564
0.119645
0.121941
0.124468
0.127241
0.130276
0.133591
0.137208
0.141147
0.145434
0.150095
0.155161
0.160665
0.166644
0.173071
0.179918
0.187228
0.195046
0.203424
0.21242
0.222102
0.232543
0.243827
0.25605
0.269318
0.283748
0.299472
0.316629
0.33537
0.355846
0.378205
0.402576
0.429055
0.457685
0.488437
0.521203
0.555787
0.591932
0.629341
0.667712
0.706774
0.746297
0.78611
0.820782
0.848897
0.875019
0.899198
0.904078
0.900737
0.893993
0.854931
0.81656
0.779151
0.743006
0.708422
0.675656
0.644904
0.616274
0.589795
0.565424
0.543065
0.522589
0.503848
0.486691
0.470967
0.456537
0.443269
0.431046
0.419762
0.409321
0.39964
0.390643
0.382265
0.374456
0.367259
0.360623
0.354491
0.348784
0.343499
0.338587
0.334015
0.329738
0.325798
0.322182
0.318866
0.315831
0.313059
0.310532
0.308235
0.306154
0.304276
0.302588
0.30108
0.29974
0.298559
0.112458
0.113634
0.114968
0.116471
0.118152
0.120025
0.122101
0.124393
0.126916
0.129685
0.132717
0.136032
0.139648
0.14359
0.14788
0.152548
0.157621
0.163136
0.16912
0.175482
0.182256
0.189482
0.197204
0.205472
0.214343
0.223879
0.234152
0.245243
0.257239
0.270243
0.284366
0.299729
0.316465
0.334714
0.35462
0.376321
0.399944
0.425584
0.453295
0.483067
0.51482
0.548397
0.583577
0.620096
0.657673
0.696045
0.734394
0.764249
0.792262
0.818385
0.842665
0.863902
0.864266
0.861213
0.854931
0.84562
0.808042
0.771524
0.736344
0.702767
0.671014
0.641242
0.613531
0.587891
0.564268
0.542567
0.522661
0.504412
0.487675
0.472312
0.45819
0.445186
0.433189
0.422099
0.411826
0.402289
0.393419
0.38515
0.377428
0.370203
0.363488
0.357248
0.351474
0.346113
0.341129
0.336471
0.33218
0.328239
0.324622
0.321308
0.318275
0.315506
0.312983
0.310691
0.308616
0.306743
0.305061
0.303559
0.302224
0.301049
0.114936
0.116105
0.117433
0.118928
0.120602
0.122467
0.124534
0.126818
0.129333
0.132095
0.13512
0.138428
0.142039
0.145976
0.150262
0.154926
0.159998
0.165511
0.171428
0.177713
0.1844
0.191527
0.199138
0.207278
0.216002
0.22537
0.235449
0.246314
0.25805
0.270751
0.284519
0.299469
0.315724
0.333412
0.352668
0.37362
0.396389
0.421069
0.44772
0.476349
0.506904
0.539263
0.573245
0.608621
0.64514
0.679335
0.708666
0.736367
0.762345
0.786625
0.809043
0.824379
0.824963
0.822281
0.81656
0.808042
0.797035
0.761659
0.727678
0.695318
0.664764
0.636134
0.609483
0.584803
0.562034
0.541082
0.521826
0.504138
0.487883
0.472933
0.459165
0.446464
0.434729
0.423863
0.413784
0.404417
0.395692
0.387552
0.379942
0.372814
0.366127
0.359842
0.354003
0.348579
0.343516
0.338853
0.334566
0.33063
0.327019
0.323711
0.320686
0.317924
0.315409
0.313125
0.311057
0.309193
0.307518
0.306023
0.304696
0.303527
0.1174
0.118562
0.119881
0.121367
0.123032
0.124887
0.126944
0.129217
0.13172
0.13447
0.137484
0.14078
0.144379
0.148303
0.152578
0.15723
0.162289
0.16779
0.173629
0.179827
0.186416
0.193432
0.200916
0.208912
0.217471
0.22665
0.236511
0.247124
0.258569
0.270932
0.284308
0.298801
0.314525
0.331596
0.350138
0.370268
0.392099
0.415721
0.441198
0.46855
0.497746
0.528698
0.56126
0.595241
0.626431
0.654833
0.681894
0.707475
0.731566
0.753984
0.774533
0.785579
0.786444
0.784215
0.779151
0.771524
0.761659
0.749841
0.717279
0.686327
0.657131
0.629779
0.604303
0.58068
0.558849
0.538719
0.520177
0.503106
0.487382
0.472889
0.459513
0.44715
0.435705
0.425092
0.415231
0.406052
0.397493
0.389497
0.382013
0.374997
0.368408
0.36221
0.356371
0.35088
0.34582
0.341168
0.336894
0.33297
0.329371
0.326075
0.323061
0.320311
0.317807
0.315534
0.313477
0.311623
0.309958
0.308472
0.307153
0.305991
0.119849
0.121002
0.122312
0.123788
0.125441
0.127284
0.129328
0.131587
0.134075
0.13681
0.139807
0.143086
0.146667
0.150573
0.154827
0.159458
0.164496
0.169929
0.175682
0.181784
0.188264
0.195156
0.2025
0.210338
0.218716
0.227687
0.237309
0.247649
0.258778
0.270774
0.283727
0.297729
0.312883
0.329296
0.347075
0.366331
0.387163
0.409657
0.433876
0.459847
0.487558
0.516945
0.547896
0.576679
0.603716
0.629734
0.654571
0.678188
0.700376
0.720925
0.739711
0.747836
0.749036
0.747333
0.743006
0.736344
0.727678
0.717279
0.705535
0.676148
0.648438
0.622466
0.598247
0.575753
0.554921
0.535666
0.517886
0.501474
0.48632
0.472317
0.459365
0.447368
0.43624
0.4259
0.416277
0.407306
0.398928
0.391091
0.383747
0.376854
0.370374
0.364273
0.358519
0.353086
0.348049
0.343418
0.339163
0.335258
0.331677
0.328398
0.3254
0.322666
0.320177
0.317918
0.315874
0.314032
0.312378
0.310902
0.309593
0.308439
0.12228
0.123424
0.124723
0.126188
0.127828
0.129656
0.131684
0.133927
0.136397
0.139112
0.142089
0.145346
0.148903
0.152783
0.157011
0.161613
0.166618
0.171968
0.177627
0.183623
0.189985
0.196744
0.203937
0.211603
0.219785
0.228534
0.237902
0.247949
0.258741
0.27035
0.282856
0.296342
0.310899
0.326622
0.343609
0.361955
0.381749
0.403071
0.425979
0.450504
0.476643
0.504354
0.530916
0.556231
0.580824
0.604542
0.62734
0.648994
0.669281
0.688067
0.70517
0.711503
0.71308
0.711957
0.708422
0.702767
0.695318
0.686327
0.676148
0.665234
0.639094
0.614569
0.591662
0.57034
0.550545
0.5322
0.515213
0.499489
0.484932
0.471446
0.458941
0.447332
0.436539
0.426492
0.417124
0.408376
0.400193
0.392528
0.385335
0.378576
0.372214
0.366218
0.360558
0.355209
0.350203
0.345601
0.341374
0.337494
0.333936
0.330679
0.327703
0.324988
0.322517
0.320275
0.318247
0.316419
0.314778
0.313314
0.312015
0.31087
0.124692
0.125826
0.127114
0.128565
0.130191
0.132003
0.134013
0.136236
0.138685
0.141377
0.144329
0.147558
0.151087
0.154935
0.159129
0.163693
0.168658
0.173917
0.179476
0.18536
0.191594
0.198211
0.205243
0.212727
0.220703
0.229216
0.238315
0.248056
0.258497
0.269703
0.281744
0.294697
0.30864
0.323657
0.339834
0.357253
0.375994
0.396125
0.417699
0.440746
0.465271
0.489627
0.51302
0.535919
0.558205
0.579855
0.600651
0.62037
0.638874
0.655978
0.67151
0.676918
0.678897
0.67838
0.675656
0.671014
0.664764
0.657131
0.648438
0.639094
0.629337
0.606289
0.584715
0.564585
0.545844
0.528425
0.512248
0.49723
0.483287
0.470335
0.458293
0.447087
0.436647
0.426906
0.417806
0.409293
0.401317
0.393834
0.386802
0.380185
0.37395
0.368067
0.362508
0.357249
0.352284
0.347719
0.343526
0.339677
0.336149
0.332919
0.329968
0.327276
0.324826
0.322604
0.320593
0.318781
0.317156
0.315705
0.314417
0.313282
0.127084
0.128207
0.129482
0.130919
0.132529
0.134322
0.136313
0.138513
0.140938
0.143604
0.146526
0.149724
0.153218
0.157029
0.161182
0.165701
0.170597
0.175761
0.181213
0.186977
0.193078
0.199545
0.206407
0.2137
0.22146
0.229729
0.23855
0.247973
0.258052
0.268845
0.280412
0.292822
0.306144
0.320449
0.335813
0.352305
0.369993
0.388937
0.409182
0.430755
0.452897
0.474339
0.49543
0.516101
0.536364
0.556031
0.574894
0.592825
0.609642
0.625173
0.638899
0.644356
0.64674
0.646828
0.644904
0.641242
0.636134
0.629779
0.622466
0.614569
0.606289
0.597772
0.577527
0.558584
0.540895
0.524403
0.50904
0.494734
0.481413
0.469003
0.457435
0.446643
0.436564
0.427141
0.418319
0.410051
0.402291
0.394998
0.388135
0.381669
0.375567
0.369803
0.364351
0.359188
0.354292
0.349772
0.34562
0.341809
0.338315
0.335117
0.332194
0.329529
0.327104
0.324903
0.322913
0.321119
0.31951
0.318073
0.316798
0.315674
0.129453
0.130565
0.131827
0.133248
0.13484
0.136614
0.138582
0.140758
0.143156
0.145791
0.148681
0.151844
0.155298
0.159066
0.163171
0.167639
0.172444
0.177507
0.182847
0.188486
0.194448
0.200758
0.207446
0.214541
0.222078
0.230095
0.238631
0.247731
0.257441
0.267814
0.278905
0.29077
0.30347
0.317067
0.331625
0.347202
0.363856
0.381636
0.40058
0.420501
0.440088
0.459401
0.478411
0.497175
0.515542
0.533334
0.550446
0.566709
0.581962
0.596051
0.608344
0.613998
0.616774
0.617441
0.616274
0.613531
0.609483
0.604303
0.598247
0.591662
0.584715
0.577527
0.570227
0.552447
0.535793
0.520215
0.505658
0.49206
0.47936
0.467495
0.456405
0.446032
0.436321
0.427221
0.418685
0.410669
0.403131
0.396036
0.389349
0.383038
0.377077
0.371438
0.366097
0.361034
0.356229
0.351762
0.347656
0.343888
0.340434
0.337272
0.334382
0.331746
0.329348
0.327173
0.325204
0.323431
0.321839
0.320418
0.319156
0.318044
0.1318
0.1329
0.134147
0.135551
0.137124
0.138876
0.14082
0.14297
0.145338
0.14794
0.150794
0.153916
0.157327
0.161046
0.165098
0.169507
0.174218
0.179176
0.1844
0.18991
0.195728
0.201877
0.208384
0.215277
0.222587
0.230347
0.238593
0.247366
0.256706
0.26666
0.277273
0.288597
0.300684
0.313585
0.327353
0.342039
0.35769
0.374344
0.392032
0.409935
0.427589
0.445004
0.462272
0.479281
0.495887
0.512015
0.52752
0.542259
0.556088
0.568876
0.580086
0.585924
0.589063
0.590266
0.589795
0.587891
0.584803
0.58068
0.575753
0.57034
0.564585
0.558584
0.552447
0.54628
0.53063
0.515944
0.502176
0.489274
0.477188
0.465864
0.45525
0.445297
0.435957
0.427184
0.418937
0.411177
0.403867
0.396974
0.390467
0.384318
0.378501
0.372991
0.367767
0.362809
0.358098
0.353689
0.349637
0.345917
0.342507
0.339384
0.336531
0.333928
0.33156
0.329411
0.327467
0.325715
0.324142
0.322737
0.32149
0.32039
0.134122
0.135209
0.136441
0.137827
0.13938
0.141109
0.143027
0.145147
0.147483
0.15005
0.152864
0.155943
0.159305
0.162972
0.166965
0.171309
0.175922
0.180773
0.185877
0.191254
0.196924
0.202908
0.209231
0.215919
0.222998
0.2305
0.238455
0.2469
0.255871
0.265408
0.275551
0.286343
0.297828
0.310051
0.323055
0.336882
0.351568
0.367145
0.383431
0.399595
0.415543
0.431399
0.447082
0.46248
0.477549
0.492173
0.506229
0.519594
0.532146
0.543774
0.554114
0.560118
0.563586
0.565272
0.565424
0.564268
0.562034
0.558849
0.554921
0.550545
0.545844
0.540895
0.535793
0.53063
0.525472
0.511646
0.498642
0.486419
0.474933
0.464141
0.453998
0.444462
0.435491
0.427046
0.41909
0.411589
0.404509
0.397822
0.391499
0.385514
0.379844
0.374467
0.369363
0.364513
0.3599
0.355556
0.351562
0.347896
0.344534
0.341455
0.338641
0.336074
0.333738
0.331618
0.3297
0.32797
0.326418
0.325031
0.323799
0.322712
0.136418
0.137491
0.138707
0.140075
0.141606
0.143311
0.145202
0.147291
0.149593
0.152121
0.154893
0.157924
0.161235
0.164844
0.168773
0.173047
0.17756
0.1823
0.187282
0.192523
0.198043
0.20386
0.209998
0.216478
0.223325
0.230568
0.238234
0.246353
0.254959
0.264085
0.273766
0.284039
0.294941
0.306509
0.318778
0.331782
0.345551
0.360108
0.37496
0.389598
0.404168
0.418613
0.432849
0.446858
0.460552
0.473833
0.486596
0.498739
0.510159
0.520761
0.530345
0.536496
0.540253
0.542364
0.543065
0.542567
0.541082
0.538719
0.535666
0.5322
0.528425
0.524403
0.520215
0.515944
0.511646
0.507369
0.4951
0.483532
0.47263
0.462357
0.452675
0.44355
0.434944
0.426824
0.419158
0.411916
0.405068
0.398588
0.392451
0.386633
0.381114
0.375872
0.37089
0.366151
0.361638
0.357364
0.353434
0.349825
0.346515
0.343483
0.340712
0.338183
0.335882
0.333793
0.331902
0.330197
0.328666
0.327298
0.326082
0.325008
0.138687
0.139746
0.140946
0.142294
0.143803
0.145482
0.147344
0.149401
0.151666
0.154154
0.15688
0.159861
0.163116
0.166664
0.170525
0.174724
0.179135
0.183762
0.188619
0.193724
0.199091
0.204741
0.210691
0.216964
0.22358
0.230565
0.237944
0.245742
0.253989
0.262713
0.271945
0.281715
0.292055
0.302994
0.314562
0.326785
0.339686
0.353234
0.366721
0.380145
0.393468
0.406627
0.419627
0.432401
0.444875
0.456965
0.468586
0.479649
0.49007
0.49977
0.508643
0.514922
0.518932
0.521412
0.522589
0.522661
0.521826
0.520177
0.517886
0.515213
0.512248
0.50904
0.505658
0.502176
0.498642
0.4951
0.491585
0.480646
0.470306
0.460536
0.451304
0.442579
0.434333
0.426534
0.419156
0.412171
0.405554
0.399282
0.393331
0.387682
0.382314
0.37721
0.372352
0.367725
0.363315
0.359116
0.355254
0.351707
0.348452
0.34547
0.342744
0.340256
0.337991
0.335935
0.334073
0.332394
0.330885
0.329536
0.328337
0.327277
0.140928
0.141973
0.143155
0.144484
0.145969
0.147621
0.149453
0.151475
0.153702
0.156147
0.158826
0.161755
0.164951
0.168433
0.172223
0.176336
0.180643
0.185156
0.189888
0.194854
0.20007
0.205551
0.211315
0.21738
0.223768
0.230498
0.237594
0.245077
0.252973
0.261307
0.270104
0.27939
0.28919
0.29953
0.310432
0.321917
0.334004
0.34649
0.358907
0.371232
0.383417
0.395484
0.407386
0.419067
0.430462
0.441503
0.452117
0.462231
0.471776
0.480666
0.488849
0.495237
0.499464
0.502261
0.503848
0.504412
0.504138
0.503106
0.501474
0.499489
0.49723
0.494734
0.49206
0.489274
0.486419
0.483532
0.480646
0.477781
0.46798
0.458694
0.449898
0.441564
0.433668
0.426184
0.419089
0.412358
0.405971
0.399905
0.394141
0.38866
0.383445
0.378479
0.373747
0.369234
0.364927
0.360814
0.357024
0.353541
0.350345
0.347417
0.344738
0.342293
0.340066
0.338043
0.336212
0.334559
0.333074
0.331746
0.330564
0.329519
0.143141
0.14417
0.145335
0.146642
0.148103
0.149728
0.151528
0.153515
0.155702
0.158103
0.160732
0.163605
0.16674
0.170155
0.173869
0.177887
0.182089
0.186487
0.191093
0.195921
0.200984
0.206297
0.211875
0.217737
0.223898
0.230378
0.237196
0.244372
0.251928
0.259884
0.268262
0.277083
0.286369
0.296139
0.306412
0.317205
0.328529
0.340067
0.351513
0.36283
0.374053
0.38515
0.396079
0.406793
0.417238
0.427356
0.437087
0.446369
0.455127
0.463309
0.470874
0.477272
0.481684
0.484753
0.486691
0.487675
0.487883
0.487382
0.48632
0.484932
0.483287
0.481413
0.47936
0.477188
0.474933
0.47263
0.470306
0.46798
0.465674
0.456852
0.448474
0.440518
0.432963
0.425787
0.418969
0.412489
0.406327
0.400466
0.394887
0.389574
0.384511
0.379684
0.375077
0.370679
0.366477
0.36246
0.358745
0.355331
0.352196
0.349322
0.346693
0.344293
0.342106
0.340119
0.338319
0.336694
0.335233
0.333925
0.332761
0.331731
0.145323
0.146338
0.147484
0.14877
0.150206
0.151803
0.15357
0.155521
0.157666
0.160021
0.162598
0.165414
0.168485
0.17183
0.175466
0.179387
0.183484
0.187767
0.192247
0.196937
0.201848
0.206995
0.21239
0.21805
0.223989
0.230224
0.236772
0.243649
0.250875
0.258467
0.266443
0.274821
0.283618
0.29285
0.302531
0.312674
0.323288
0.333963
0.344512
0.354981
0.365347
0.375582
0.385651
0.395512
0.40512
0.414427
0.423382
0.431916
0.439986
0.44755
0.454578
0.46086
0.465429
0.46873
0.470967
0.472312
0.472933
0.472889
0.472317
0.471446
0.470335
0.469003
0.467495
0.465864
0.464141
0.462357
0.460536
0.458694
0.456852
0.455034
0.447058
0.439466
0.43224
0.425362
0.418814
0.41258
0.40664
0.400981
0.395585
0.390439
0.385527
0.380838
0.376358
0.372074
0.367978
0.364056
0.36042
0.357076
0.354005
0.351189
0.348611
0.346257
0.344111
0.342161
0.340393
0.338797
0.337361
0.336074
0.334928
0.333914
0.147476
0.148475
0.149602
0.150866
0.152277
0.153844
0.155578
0.157491
0.159594
0.161901
0.164426
0.167183
0.170188
0.17346
0.177015
0.18084
0.184832
0.189
0.193355
0.197907
0.202669
0.207651
0.212866
0.218327
0.224049
0.230045
0.23633
0.242919
0.249827
0.25707
0.264662
0.272618
0.280951
0.289676
0.298801
0.308338
0.318279
0.328153
0.337952
0.347662
0.357265
0.366734
0.37604
0.385148
0.394019
0.402613
0.410868
0.418748
0.426216
0.433244
0.439798
0.445842
0.450546
0.454044
0.456537
0.45819
0.459165
0.459513
0.459365
0.458941
0.458293
0.457435
0.456405
0.45525
0.453998
0.452675
0.451304
0.449898
0.448474
0.447058
0.44566
0.438418
0.43151
0.424921
0.418636
0.41264
0.406918
0.401456
0.396241
0.391259
0.386498
0.381945
0.37759
0.373422
0.36943
0.365606
0.36205
0.358779
0.355773
0.353016
0.350492
0.348185
0.346082
0.344169
0.342435
0.340868
0.339457
0.338193
0.337065
0.336066
0.149597
0.15058
0.151689
0.15293
0.154315
0.155853
0.157553
0.159427
0.161487
0.163745
0.166216
0.168912
0.17185
0.175047
0.17852
0.182248
0.186135
0.190189
0.19442
0.198837
0.20345
0.20827
0.213308
0.218576
0.224086
0.22985
0.235881
0.242191
0.248794
0.255702
0.262928
0.270484
0.27838
0.286626
0.295232
0.304203
0.313483
0.322689
0.331815
0.340847
0.349768
0.358557
0.367187
0.375629
0.383849
0.391796
0.399438
0.406745
0.41369
0.420245
0.42638
0.432074
0.436892
0.440558
0.443269
0.445186
0.446464
0.44715
0.447368
0.447332
0.447087
0.446643
0.446032
0.445297
0.444462
0.44355
0.442579
0.441564
0.440518
0.439466
0.438418
0.437385
0.430782
0.424472
0.418441
0.412677
0.407167
0.401899
0.396861
0.39204
0.387427
0.38301
0.37878
0.374726
0.370839
0.36711
0.363638
0.360441
0.357503
0.354806
0.352336
0.350078
0.348018
0.346143
0.344443
0.342906
0.341521
0.340279
0.339171
0.338188
0.151687
0.152654
0.153743
0.154962
0.156321
0.157828
0.159493
0.161328
0.163344
0.165553
0.167968
0.170603
0.173473
0.176594
0.179982
0.183614
0.187397
0.191338
0.195446
0.199729
0.204197
0.208858
0.213724
0.218803
0.224107
0.229646
0.235431
0.241474
0.247784
0.254373
0.261251
0.268427
0.275911
0.283709
0.291829
0.300274
0.308956
0.317561
0.326081
0.334506
0.342819
0.351002
0.359032
0.366883
0.37451
0.381888
0.388991
0.395799
0.402284
0.408419
0.414183
0.419518
0.424338
0.428148
0.431046
0.433189
0.434729
0.435705
0.43624
0.436539
0.436647
0.436564
0.436321
0.435957
0.435491
0.434944
0.434333
0.433668
0.432963
0.43224
0.43151
0.430782
0.430064
0.424022
0.418237
0.412697
0.407394
0.402314
0.397449
0.392787
0.38832
0.384037
0.379929
0.375988
0.372205
0.368573
0.365184
0.362063
0.359194
0.356559
0.354144
0.351935
0.349919
0.348084
0.346418
0.344911
0.343553
0.342334
0.341245
0.340278
0.153746
0.154696
0.155765
0.156962
0.158293
0.15977
0.1614
0.163196
0.165167
0.167326
0.169685
0.172257
0.175057
0.178101
0.181404
0.184941
0.188621
0.192451
0.196437
0.200589
0.204914
0.20942
0.214117
0.219013
0.224117
0.229439
0.234988
0.240773
0.246804
0.253089
0.259637
0.266455
0.27355
0.280928
0.288594
0.29655
0.304692
0.312754
0.32073
0.32861
0.336379
0.344022
0.351518
0.358827
0.365929
0.372806
0.37944
0.385807
0.391882
0.397646
0.403041
0.408086
0.412771
0.416703
0.419762
0.422099
0.423863
0.425092
0.4259
0.426492
0.426906
0.427141
0.427221
0.427184
0.427046
0.426824
0.426534
0.426184
0.425787
0.425362
0.424921
0.424472
0.424022
0.423578
0.418029
0.412707
0.407603
0.402707
0.398011
0.393504
0.389179
0.385028
0.381041
0.377212
0.373532
0.369995
0.366692
0.363648
0.360848
0.358275
0.355916
0.353758
0.351786
0.349991
0.34836
0.346884
0.345552
0.344356
0.343287
0.342336
0.155771
0.156705
0.157755
0.158928
0.160233
0.161678
0.163274
0.165029
0.166955
0.169063
0.171366
0.173875
0.176605
0.179571
0.182788
0.186232
0.18981
0.193529
0.197397
0.201419
0.205604
0.209959
0.214492
0.21921
0.224121
0.229234
0.234556
0.240095
0.245859
0.251855
0.25809
0.26457
0.271301
0.278285
0.285528
0.293029
0.300682
0.308255
0.315741
0.323131
0.330413
0.337572
0.344573
0.351401
0.358041
0.364479
0.370697
0.376671
0.382383
0.387779
0.392874
0.397661
0.402126
0.406125
0.409321
0.411826
0.413784
0.415231
0.416277
0.417124
0.417806
0.418319
0.418685
0.418937
0.41909
0.419158
0.419156
0.419089
0.418969
0.418814
0.418636
0.418441
0.418237
0.418029
0.417825
0.412712
0.407801
0.403083
0.39855
0.394195
0.39001
0.385987
0.38212
0.3784
0.374822
0.371379
0.368162
0.365196
0.362466
0.359956
0.357654
0.355546
0.35362
0.351864
0.350269
0.348823
0.347519
0.346346
0.345296
0.344362
0.157765
0.158682
0.159712
0.160862
0.162139
0.163554
0.165114
0.166829
0.16871
0.170767
0.173013
0.175459
0.178118
0.181006
0.184137
0.187487
0.190965
0.194576
0.198327
0.202224
0.206273
0.210481
0.214854
0.2194
0.224125
0.229036
0.23414
0.239444
0.244954
0.250676
0.256615
0.262776
0.269164
0.275781
0.282629
0.289708
0.296918
0.304048
0.311092
0.318041
0.324885
0.331592
0.338153
0.344554
0.350788
0.356837
0.362682
0.368307
0.373659
0.378754
0.383585
0.388137
0.392395
0.396324
0.39964
0.402289
0.404417
0.406052
0.407306
0.408376
0.409293
0.410051
0.410669
0.411177
0.411589
0.411916
0.412171
0.412358
0.412489
0.41258
0.41264
0.412677
0.412697
0.412707
0.412712
0.412715
0.40799
0.403444
0.399071
0.394863
0.390814
0.386918
0.383167
0.379556
0.376078
0.372727
0.369597
0.366709
0.364049
0.361603
0.359358
0.3573
0.35542
0.353704
0.352144
0.35073
0.349452
0.348302
0.347273
0.346355
0.159725
0.160626
0.161636
0.162762
0.164013
0.165396
0.166921
0.168596
0.170431
0.172437
0.174626
0.177008
0.179598
0.182407
0.185452
0.18871
0.19209
0.195595
0.199232
0.203006
0.206922
0.210987
0.215206
0.219585
0.224131
0.228849
0.233745
0.238824
0.244092
0.249554
0.255214
0.261075
0.267141
0.273413
0.279893
0.28658
0.293388
0.300117
0.306761
0.313313
0.319744
0.326048
0.332216
0.338243
0.344114
0.349813
0.355327
0.360603
0.36566
0.370491
0.375081
0.379414
0.383456
0.387227
0.390643
0.393419
0.395692
0.397493
0.398928
0.400193
0.401317
0.402291
0.403131
0.403867
0.404509
0.405068
0.405554
0.405971
0.406327
0.40664
0.406918
0.407167
0.407394
0.407603
0.407801
0.40799
0.408176
0.403796
0.399577
0.395512
0.391596
0.387822
0.384186
0.38068
0.377301
0.374042
0.370998
0.368188
0.365599
0.363216
0.361028
0.359022
0.357186
0.355511
0.353987
0.352604
0.351353
0.350226
0.349216
0.348316
0.161652
0.162537
0.163527
0.16463
0.165854
0.167206
0.168695
0.170329
0.172119
0.174075
0.176207
0.178526
0.181045
0.183776
0.186734
0.189903
0.193186
0.196588
0.200113
0.203767
0.207554
0.211481
0.215551
0.21977
0.224143
0.228676
0.233373
0.238238
0.243276
0.248491
0.253887
0.259466
0.26523
0.27118
0.277317
0.28364
0.290083
0.296448
0.30273
0.308903
0.314965
0.320908
0.32673
0.332421
0.337965
0.343352
0.348531
0.353523
0.35832
0.362911
0.367277
0.371384
0.375252
0.378879
0.382265
0.38515
0.387552
0.389497
0.391091
0.392528
0.393834
0.394998
0.396036
0.396974
0.397822
0.398588
0.399282
0.399905
0.400466
0.400981
0.401456
0.401899
0.402314
0.402707
0.403083
0.403444
0.403796
0.404141
0.400071
0.396145
0.392358
0.388704
0.385179
0.381777
0.378494
0.375325
0.372367
0.369635
0.367116
0.364797
0.362665
0.36071
0.35892
0.357285
0.355796
0.354444
0.35322
0.352117
0.351127
0.350243
0.163547
0.164414
0.165385
0.166465
0.167661
0.168982
0.170436
0.172031
0.173776
0.17568
0.177756
0.180012
0.182461
0.185115
0.187987
0.191068
0.194257
0.197557
0.200974
0.204511
0.208173
0.211965
0.215892
0.219956
0.224164
0.228519
0.233025
0.237687
0.242507
0.247489
0.252635
0.257948
0.263429
0.269079
0.274896
0.280881
0.28699
0.293024
0.298959
0.304792
0.310522
0.316147
0.321658
0.327045
0.332296
0.337364
0.342272
0.347012
0.351574
0.35594
0.360075
0.364001
0.367712
0.371209
0.374456
0.377428
0.379942
0.382013
0.383747
0.385335
0.386802
0.388135
0.389349
0.390467
0.391499
0.392451
0.393331
0.394141
0.394887
0.395585
0.396241
0.396861
0.397449
0.398011
0.39855
0.399071
0.399577
0.400071
0.400556
0.396764
0.393101
0.389564
0.386148
0.382847
0.379659
0.376578
0.373705
0.371051
0.368602
0.366346
0.364271
0.362366
0.360621
0.359027
0.357573
0.356252
0.355055
0.353975
0.353005
0.352138
0.165408
0.166259
0.16721
0.168267
0.169436
0.170727
0.172145
0.1737
0.1754
0.177255
0.179274
0.181467
0.183847
0.186424
0.189212
0.192206
0.195302
0.198504
0.201815
0.205239
0.208781
0.212443
0.21623
0.220147
0.224196
0.228381
0.232706
0.237173
0.241786
0.246547
0.251459
0.256522
0.261737
0.267105
0.272624
0.278294
0.2841
0.289814
0.295435
0.300963
0.306399
0.311736
0.316965
0.322077
0.327026
0.331837
0.336504
0.341016
0.345356
0.349492
0.353442
0.357203
0.360774
0.364119
0.367259
0.370203
0.372814
0.374997
0.376854
0.378576
0.380185
0.381669
0.383038
0.384318
0.385514
0.386633
0.387682
0.38866
0.389574
0.390439
0.391259
0.39204
0.392787
0.393504
0.394195
0.394863
0.395512
0.396145
0.396764
0.397371
0.39383
0.390406
0.387095
0.383893
0.380797
0.377802
0.375015
0.372437
0.370058
0.367864
0.365845
0.363991
0.362291
0.360736
0.359317
0.358027
0.356857
0.3558
0.35485
0.353999
0.167237
0.168071
0.169002
0.170036
0.171179
0.172439
0.173822
0.175338
0.176993
0.178798
0.180762
0.182893
0.185204
0.187706
0.190409
0.19332
0.196326
0.199431
0.20264
0.205954
0.209378
0.212916
0.216569
0.220343
0.22424
0.228262
0.232414
0.236697
0.241114
0.245666
0.250356
0.255184
0.26015
0.265254
0.270496
0.275873
0.281382
0.286806
0.292145
0.297402
0.302572
0.307647
0.31262
0.317447
0.322153
0.326734
0.331181
0.335478
0.339592
0.343542
0.347325
0.35094
0.354349
0.357575
0.360623
0.363488
0.366127
0.368408
0.370374
0.372214
0.37395
0.375567
0.377077
0.378501
0.379844
0.381114
0.382314
0.383445
0.384511
0.385527
0.386498
0.387427
0.38832
0.389179
0.39001
0.390814
0.391596
0.392358
0.393101
0.39383
0.394545
0.39123
0.388022
0.384916
0.38191
0.379
0.376296
0.373795
0.371484
0.369352
0.367389
0.365584
0.363928
0.362413
0.361029
0.35977
0.358627
0.357593
0.356662
0.355827
0.169032
0.16985
0.170762
0.171773
0.17289
0.174119
0.175468
0.176945
0.178556
0.180312
0.18222
0.184291
0.186534
0.188961
0.191582
0.194409
0.197327
0.200339
0.203448
0.206656
0.209967
0.213384
0.216909
0.220546
0.224297
0.228164
0.232151
0.236259
0.240489
0.244844
0.249325
0.253931
0.258663
0.263521
0.268503
0.273607
0.278831
0.283994
0.289082
0.294092
0.299018
0.303854
0.308558
0.313156
0.317645
0.322017
0.326257
0.330332
0.334263
0.338046
0.34168
0.345128
0.348411
0.351534
0.354491
0.357248
0.359842
0.36221
0.364273
0.366218
0.368067
0.369803
0.371438
0.372991
0.374467
0.375872
0.37721
0.378479
0.379684
0.380838
0.381945
0.38301
0.384037
0.385028
0.385987
0.386918
0.387822
0.388704
0.389564
0.390406
0.39123
0.392039
0.38893
0.385918
0.382999
0.380172
0.377551
0.375125
0.372882
0.370811
0.368902
0.367147
0.365535
0.364059
0.36271
0.36148
0.360364
0.359353
0.358441
0.357623
0.170795
0.171597
0.172489
0.173478
0.174568
0.175768
0.177083
0.178521
0.180089
0.181796
0.18365
0.185661
0.187838
0.19019
0.19273
0.195468
0.198301
0.201222
0.204234
0.20734
0.210542
0.213842
0.217244
0.220749
0.22436
0.22808
0.231909
0.23585
0.239905
0.244073
0.248356
0.252754
0.257267
0.261894
0.266633
0.271483
0.276442
0.281372
0.286231
0.291014
0.295718
0.3003
0.304789
0.309182
0.313472
0.317645
0.32167
0.325567
0.329333
0.332967
0.336431
0.339748
0.342922
0.345946
0.348784
0.351474
0.354003
0.356371
0.358519
0.360558
0.362508
0.364351
0.366097
0.367767
0.369363
0.37089
0.372352
0.373747
0.375077
0.376358
0.37759
0.37878
0.379929
0.381041
0.38212
0.383167
0.384186
0.385179
0.386148
0.387095
0.388022
0.38893
0.389813
0.386891
0.384058
0.38132
0.378781
0.376428
0.374252
0.372241
0.370387
0.36868
0.367111
0.365673
0.364358
0.363159
0.362068
0.36108
0.360188
0.359386
0.172526
0.173311
0.174185
0.175151
0.176215
0.177385
0.178667
0.180067
0.181593
0.183252
0.185053
0.187004
0.189116
0.191396
0.193856
0.196506
0.199256
0.202089
0.205008
0.208014
0.21111
0.214299
0.217582
0.220961
0.224439
0.228017
0.231697
0.23548
0.239367
0.243358
0.247455
0.251657
0.255964
0.260375
0.264888
0.269501
0.274212
0.278928
0.283577
0.288153
0.292617
0.296997
0.301292
0.305497
0.309598
0.313563
0.317415
0.321151
0.32477
0.328235
0.331567
0.334771
0.337839
0.340737
0.343499
0.346113
0.348579
0.35088
0.353086
0.355209
0.357249
0.359188
0.361034
0.362809
0.364513
0.366151
0.367725
0.369234
0.370679
0.372074
0.373422
0.374726
0.375988
0.377212
0.3784
0.379556
0.38068
0.381777
0.382847
0.383893
0.384916
0.385918
0.386891
0.387847
0.385096
0.382446
0.379986
0.377706
0.375595
0.373644
0.371842
0.370183
0.368657
0.367257
0.365976
0.364806
0.363741
0.362775
0.361902
0.361116
0.174224
0.174994
0.175848
0.176792
0.177831
0.178972
0.180221
0.181583
0.183067
0.18468
0.186428
0.188322
0.190369
0.192578
0.19496
0.197524
0.200194
0.202942
0.20577
0.20868
0.211675
0.214756
0.217925
0.221183
0.224534
0.227977
0.231514
0.235147
0.238875
0.2427
0.246621
0.250639
0.254752
0.258959
0.26326
0.267652
0.272133
0.276653
0.281107
0.285457
0.289731
0.293929
0.298047
0.302071
0.305972
0.309772
0.313467
0.317059
0.320511
0.323843
0.32706
0.330156
0.333093
0.335908
0.338587
0.341129
0.343516
0.34582
0.348049
0.350203
0.352284
0.354292
0.356229
0.358098
0.3599
0.361638
0.363315
0.364927
0.366477
0.367978
0.36943
0.370839
0.372205
0.373532
0.374822
0.376078
0.377301
0.378494
0.379659
0.380797
0.38191
0.382999
0.384058
0.385096
0.386114
0.38355
0.381169
0.378959
0.376912
0.375019
0.37327
0.371658
0.370174
0.368811
0.367563
0.366422
0.365382
0.364438
0.363584
0.362814
0.17589
0.176644
0.17748
0.178402
0.179417
0.180529
0.181745
0.183071
0.184513
0.18608
0.187777
0.189614
0.191598
0.193738
0.196043
0.198524
0.201115
0.203781
0.206521
0.209339
0.212236
0.215213
0.218273
0.221416
0.224645
0.227959
0.231361
0.23485
0.238428
0.242095
0.245851
0.249694
0.253625
0.257643
0.261745
0.26593
0.270196
0.274535
0.278774
0.282945
0.287048
0.291079
0.295026
0.298858
0.3026
0.306249
0.309805
0.313232
0.316553
0.31977
0.322878
0.325839
0.32869
0.331415
0.334015
0.336471
0.338853
0.341168
0.343418
0.345601
0.347719
0.349772
0.351762
0.353689
0.355556
0.357364
0.359116
0.360814
0.36246
0.364056
0.365606
0.36711
0.368573
0.369995
0.371379
0.372727
0.374042
0.375325
0.376578
0.377802
0.379
0.380172
0.38132
0.382446
0.38355
0.384634
0.382329
0.380189
0.378205
0.376368
0.37467
0.373104
0.371661
0.370335
0.369119
0.368007
0.366993
0.36607
0.365235
0.364481
0.177525
0.178263
0.17908
0.179981
0.180971
0.182055
0.183239
0.184529
0.185932
0.187453
0.189101
0.190882
0.192804
0.194877
0.197108
0.199506
0.202022
0.204607
0.207263
0.209992
0.212794
0.215672
0.218627
0.22166
0.224772
0.227963
0.231236
0.23459
0.238025
0.241543
0.245141
0.248821
0.252581
0.25642
0.260336
0.264328
0.268393
0.272528
0.2766
0.28061
0.284555
0.288423
0.292186
0.295866
0.299463
0.302978
0.306373
0.309672
0.312879
0.315986
0.318958
0.32183
0.324588
0.32723
0.329738
0.33218
0.334566
0.336894
0.339163
0.341374
0.343526
0.34562
0.347656
0.349637
0.351562
0.353434
0.355254
0.357024
0.358745
0.36042
0.36205
0.363638
0.365184
0.366692
0.368162
0.369597
0.370998
0.372367
0.373705
0.375015
0.376296
0.377551
0.378781
0.379986
0.381169
0.382329
0.383467
0.381395
0.379472
0.377691
0.376044
0.374522
0.37312
0.37183
0.370646
0.369562
0.368572
0.367671
0.366853
0.366115
0.179128
0.179851
0.18065
0.18153
0.182496
0.183552
0.184705
0.18596
0.187323
0.188801
0.190399
0.192126
0.193989
0.195995
0.198153
0.200472
0.202914
0.205422
0.207997
0.210639
0.213351
0.216134
0.218988
0.221915
0.224915
0.22799
0.231139
0.234364
0.237665
0.241041
0.244491
0.248017
0.251615
0.255287
0.259028
0.262839
0.266716
0.270657
0.274578
0.278439
0.28223
0.285922
0.289539
0.293081
0.296549
0.299907
0.303177
0.306364
0.309462
0.312434
0.315316
0.318093
0.320763
0.323309
0.325798
0.328239
0.33063
0.33297
0.335258
0.337494
0.339677
0.341809
0.343888
0.345917
0.347896
0.349825
0.351707
0.353541
0.355331
0.357076
0.358779
0.360441
0.362063
0.363648
0.365196
0.366709
0.368188
0.369635
0.371051
0.372437
0.373795
0.375125
0.376428
0.377706
0.378959
0.380189
0.381395
0.382579
0.380716
0.37899
0.377391
0.375914
0.374551
0.373296
0.372143
0.371086
0.370121
0.369241
0.368441
0.367718
0.1807
0.181408
0.182189
0.183049
0.183991
0.185021
0.186143
0.187363
0.188688
0.190122
0.191673
0.193347
0.195151
0.197093
0.199181
0.201422
0.203793
0.206226
0.208722
0.211282
0.213906
0.216597
0.219355
0.22218
0.225074
0.228038
0.23107
0.234173
0.237345
0.240587
0.243898
0.247277
0.250724
0.254238
0.257816
0.261457
0.265158
0.268918
0.272698
0.276413
0.280035
0.283589
0.287074
0.290492
0.293808
0.297044
0.300205
0.303286
0.306249
0.309131
0.311916
0.314604
0.317176
0.319699
0.322182
0.324622
0.327019
0.329371
0.331677
0.333936
0.336149
0.338315
0.340434
0.342507
0.344534
0.346515
0.348452
0.350345
0.352196
0.354005
0.355773
0.357503
0.359194
0.360848
0.362466
0.364049
0.365599
0.367116
0.368602
0.370058
0.371484
0.372882
0.374252
0.375595
0.376912
0.378205
0.379472
0.380716
0.381937
0.380264
0.378713
0.377278
0.375954
0.374733
0.373611
0.372582
0.371639
0.37078
0.369998
0.36929
0.182242
0.182935
0.183699
0.184538
0.185457
0.18646
0.187553
0.18874
0.190026
0.191419
0.192923
0.194545
0.196293
0.198172
0.200191
0.202357
0.20466
0.207021
0.20944
0.21192
0.214461
0.217063
0.219729
0.222457
0.22525
0.228106
0.231028
0.234014
0.237064
0.240179
0.243358
0.2466
0.249904
0.253269
0.256693
0.260175
0.263712
0.267302
0.270943
0.274496
0.277987
0.281414
0.284781
0.288052
0.29125
0.294381
0.297438
0.300386
0.30326
0.306045
0.308741
0.311328
0.313874
0.316388
0.318866
0.321308
0.323711
0.326075
0.328398
0.330679
0.332919
0.335117
0.337272
0.339384
0.341455
0.343483
0.34547
0.347417
0.349322
0.351189
0.353016
0.354806
0.356559
0.358275
0.359956
0.361603
0.363216
0.364797
0.366346
0.367864
0.369352
0.370811
0.372241
0.373644
0.375019
0.376368
0.377691
0.37899
0.380264
0.381514
0.380009
0.378617
0.37733
0.376143
0.375051
0.374048
0.373129
0.372289
0.371525
0.370832
0.183753
0.184432
0.185179
0.185998
0.186894
0.187872
0.188935
0.190089
0.191339
0.192691
0.19415
0.195722
0.197414
0.199233
0.201185
0.203278
0.205514
0.207805
0.210152
0.212555
0.215015
0.217533
0.220109
0.222745
0.22544
0.228196
0.231011
0.233886
0.236821
0.239816
0.24287
0.245981
0.24915
0.252375
0.255655
0.258987
0.26237
0.265802
0.26928
0.272708
0.276077
0.279392
0.282616
0.285773
0.28887
0.2919
0.294827
0.297686
0.300464
0.30316
0.305754
0.308315
0.310849
0.313356
0.315831
0.318275
0.320686
0.323061
0.3254
0.327703
0.329968
0.332194
0.334382
0.336531
0.338641
0.340712
0.342744
0.344738
0.346693
0.348611
0.350492
0.352336
0.354144
0.355916
0.357654
0.359358
0.361028
0.362665
0.364271
0.365845
0.367389
0.368902
0.370387
0.371842
0.37327
0.37467
0.376044
0.377391
0.378713
0.380009
0.381281
0.37993
0.37868
0.377526
0.376462
0.375485
0.374589
0.373769
0.373022
0.372344
0.185235
0.185899
0.18663
0.18743
0.188304
0.189256
0.190291
0.191413
0.192627
0.193939
0.195354
0.196877
0.198516
0.200275
0.202163
0.204185
0.20635
0.208573
0.210849
0.213178
0.21556
0.217997
0.220489
0.223036
0.225639
0.228297
0.231011
0.233781
0.236607
0.239487
0.242422
0.245411
0.248453
0.251546
0.254689
0.257881
0.26112
0.264403
0.267728
0.27104
0.274302
0.277479
0.280594
0.283654
0.286652
0.289554
0.292395
0.29516
0.297849
0.300443
0.30301
0.305558
0.308083
0.310584
0.313059
0.315506
0.317924
0.320311
0.322666
0.324988
0.327276
0.329529
0.331746
0.333928
0.336074
0.338183
0.340256
0.342293
0.344293
0.346257
0.348185
0.350078
0.351935
0.353758
0.355546
0.3573
0.359022
0.36071
0.362366
0.363991
0.365584
0.367147
0.36868
0.370183
0.371658
0.373104
0.374522
0.375914
0.377278
0.378617
0.37993
0.381218
0.380003
0.378881
0.377846
0.376894
0.37602
0.37522
0.37449
0.373826
0.186688
0.187338
0.188052
0.188833
0.189685
0.190613
0.19162
0.192711
0.19389
0.195163
0.196535
0.198012
0.199598
0.2013
0.203125
0.205079
0.207169
0.209327
0.211535
0.213793
0.216101
0.21846
0.22087
0.223332
0.225846
0.228412
0.23103
0.2337
0.236421
0.239194
0.242017
0.244889
0.247811
0.250779
0.253794
0.256854
0.259957
0.2631
0.266282
0.269492
0.27262
0.275692
0.278713
0.281678
0.284551
0.287369
0.290117
0.292795
0.295383
0.29795
0.300503
0.30304
0.305559
0.308056
0.310532
0.312983
0.315409
0.317807
0.320177
0.322517
0.324826
0.327104
0.329348
0.33156
0.333738
0.335882
0.337991
0.340066
0.342106
0.344111
0.346082
0.348018
0.349919
0.351786
0.35362
0.35542
0.357186
0.35892
0.360621
0.362291
0.363928
0.365535
0.367111
0.368657
0.370174
0.371661
0.37312
0.374551
0.375954
0.37733
0.37868
0.380003
0.381301
0.38021
0.379203
0.378276
0.377423
0.376642
0.375929
0.375278
0.188112
0.188748
0.189446
0.190208
0.19104
0.191943
0.192923
0.193984
0.195129
0.196365
0.197695
0.199126
0.200662
0.202309
0.204073
0.205961
0.207978
0.210074
0.212216
0.214405
0.216641
0.218925
0.221258
0.223639
0.226068
0.228546
0.231072
0.233646
0.236269
0.238939
0.241655
0.244418
0.247225
0.250077
0.252971
0.255906
0.258881
0.261893
0.26494
0.268021
0.271049
0.274031
0.27696
0.279803
0.282595
0.285322
0.287984
0.290562
0.293124
0.295677
0.298219
0.300748
0.303261
0.305758
0.308235
0.310691
0.313125
0.315534
0.317918
0.320275
0.322604
0.324903
0.327173
0.329411
0.331618
0.333793
0.335935
0.338043
0.340119
0.342161
0.344169
0.346143
0.348084
0.349991
0.351864
0.353704
0.355511
0.357285
0.359027
0.360736
0.362413
0.364059
0.365673
0.367257
0.368811
0.370335
0.37183
0.373296
0.374733
0.376143
0.377526
0.378881
0.38021
0.381514
0.380534
0.37963
0.378799
0.378036
0.377339
0.376702
0.189508
0.19013
0.190812
0.191557
0.192367
0.193247
0.194201
0.195232
0.196345
0.197544
0.198834
0.20022
0.201707
0.203301
0.205006
0.20683
0.208778
0.210813
0.212891
0.215014
0.217182
0.219394
0.221652
0.223955
0.226303
0.228697
0.231135
0.233619
0.236147
0.23872
0.241336
0.243994
0.246694
0.249435
0.252215
0.255032
0.257887
0.260775
0.263697
0.266648
0.26959
0.272483
0.275294
0.278058
0.280762
0.283404
0.285968
0.28852
0.291068
0.29361
0.296144
0.298667
0.301178
0.303674
0.306154
0.308616
0.311057
0.313477
0.315874
0.318247
0.320593
0.322913
0.325204
0.327467
0.3297
0.331902
0.334073
0.336212
0.338319
0.340393
0.342435
0.344443
0.346418
0.34836
0.350269
0.352144
0.353987
0.355796
0.357573
0.359317
0.361029
0.36271
0.364358
0.365976
0.367563
0.369119
0.370646
0.372143
0.373611
0.375051
0.376462
0.377846
0.379203
0.380534
0.381838
0.380958
0.380147
0.379403
0.378721
0.378098
0.190876
0.191485
0.192152
0.192878
0.193669
0.194526
0.195454
0.196456
0.197538
0.198701
0.199952
0.201295
0.202735
0.204276
0.205925
0.207687
0.209567
0.211544
0.213562
0.215621
0.217723
0.219866
0.222052
0.224281
0.226551
0.228865
0.23122
0.233617
0.236056
0.238536
0.241056
0.243616
0.246214
0.24885
0.251522
0.254229
0.256969
0.259742
0.262544
0.265375
0.268232
0.271009
0.273744
0.276422
0.279043
0.281589
0.284128
0.286667
0.289205
0.291739
0.294267
0.296786
0.299296
0.301793
0.304276
0.306743
0.309193
0.311623
0.314032
0.316419
0.318781
0.321119
0.323431
0.325715
0.32797
0.330197
0.332394
0.334559
0.336694
0.338797
0.340868
0.342906
0.344911
0.346884
0.348823
0.35073
0.352604
0.354444
0.356252
0.358027
0.35977
0.36148
0.363159
0.364806
0.366422
0.368007
0.369562
0.371086
0.372582
0.374048
0.375485
0.376894
0.378276
0.37963
0.380958
0.382259
0.381469
0.380742
0.380076
0.379466
0.192216
0.192813
0.193464
0.194174
0.194944
0.19578
0.196683
0.197657
0.198707
0.199837
0.20105
0.202351
0.203745
0.205236
0.206831
0.208533
0.210348
0.212268
0.214228
0.216226
0.218264
0.220341
0.222458
0.224615
0.226812
0.229049
0.231324
0.233639
0.235993
0.238385
0.240814
0.24328
0.245781
0.248318
0.250888
0.253491
0.256124
0.258787
0.261478
0.264195
0.266935
0.269639
0.27229
0.274888
0.277414
0.279937
0.282465
0.284994
0.287524
0.290052
0.292575
0.295093
0.297602
0.300101
0.302588
0.305061
0.307518
0.309958
0.312378
0.314778
0.317156
0.31951
0.321839
0.324142
0.326418
0.328666
0.330885
0.333074
0.335233
0.337361
0.339457
0.341521
0.343553
0.345552
0.347519
0.349452
0.351353
0.35322
0.355055
0.356857
0.358627
0.360364
0.362068
0.363741
0.365382
0.366993
0.368572
0.370121
0.371639
0.373129
0.374589
0.37602
0.377423
0.378799
0.380147
0.381469
0.382764
0.382055
0.381403
0.380807
0.19353
0.194114
0.194751
0.195443
0.196195
0.197009
0.197887
0.198835
0.199855
0.200951
0.202128
0.203389
0.204738
0.206181
0.207722
0.209367
0.21112
0.212986
0.214888
0.216828
0.218805
0.220819
0.22287
0.224959
0.227084
0.229247
0.231447
0.233684
0.235956
0.238264
0.240607
0.242984
0.245395
0.247837
0.250311
0.252815
0.255347
0.257907
0.260492
0.263101
0.265733
0.268355
0.270928
0.273433
0.275938
0.278451
0.280969
0.283491
0.286015
0.288539
0.29106
0.293577
0.296087
0.298589
0.30108
0.303559
0.306023
0.308472
0.310902
0.313314
0.315705
0.318073
0.320418
0.322737
0.325031
0.327298
0.329536
0.331746
0.333925
0.336074
0.338193
0.340279
0.342334
0.344356
0.346346
0.348302
0.350226
0.352117
0.353975
0.3558
0.357593
0.359353
0.36108
0.362775
0.364438
0.36607
0.367671
0.369241
0.37078
0.372289
0.373769
0.37522
0.376642
0.378036
0.379403
0.380742
0.382055
0.383341
0.382705
0.382121
0.194818
0.195389
0.196012
0.196688
0.197421
0.198213
0.199069
0.19999
0.200981
0.202045
0.203186
0.204408
0.205715
0.207111
0.208601
0.21019
0.211883
0.213685
0.215533
0.217416
0.219334
0.221287
0.223275
0.225298
0.227356
0.229449
0.231576
0.233738
0.235933
0.238161
0.240422
0.242715
0.245038
0.247392
0.249774
0.252185
0.254622
0.257084
0.259569
0.262077
0.264606
0.267153
0.269634
0.272119
0.274615
0.277121
0.279633
0.28215
0.28467
0.287191
0.289711
0.292228
0.29474
0.297245
0.29974
0.302224
0.304696
0.307153
0.309593
0.312015
0.314417
0.316798
0.319156
0.32149
0.323799
0.326082
0.328337
0.330564
0.332761
0.334928
0.337065
0.339171
0.341245
0.343287
0.345296
0.347273
0.349216
0.351127
0.353005
0.35485
0.356662
0.358441
0.360188
0.361902
0.363584
0.365235
0.366853
0.368441
0.369998
0.371525
0.373022
0.37449
0.375929
0.377339
0.378721
0.380076
0.381403
0.382705
0.38398
0.383409
0.19608
0.196639
0.197248
0.197908
0.198623
0.199395
0.200227
0.201123
0.202086
0.203119
0.204226
0.20541
0.206675
0.208026
0.209467
0.211003
0.212637
0.214376
0.216172
0.218
0.219862
0.221756
0.223684
0.225644
0.227637
0.229663
0.231721
0.233811
0.235933
0.238085
0.240268
0.24248
0.244722
0.246991
0.249287
0.251609
0.253955
0.256325
0.258717
0.261129
0.26356
0.266008
0.268472
0.27095
0.27344
0.27594
0.278448
0.280961
0.283479
0.286
0.28852
0.291038
0.293552
0.296059
0.298559
0.301049
0.303527
0.305991
0.308439
0.31087
0.313282
0.315674
0.318044
0.32039
0.322712
0.325008
0.327277
0.329519
0.331731
0.333914
0.336066
0.338188
0.340278
0.342336
0.344362
0.346355
0.348316
0.350243
0.352138
0.353999
0.355827
0.357623
0.359386
0.361116
0.362814
0.364481
0.366115
0.367718
0.36929
0.370832
0.372344
0.373826
0.375278
0.376702
0.378098
0.379466
0.380807
0.382121
0.383409
0.384671
